0 1000
0.00012207031 0.0019170927
0.00024414062 0.0019171327
0.00036621094 0.0019171658
0.00048828125 0.0019173331
0.00061035156 0.0019169761
0.00073242188 0.0019169919
0.00085449219 0.0019171946
0.0009765625 0.0019171005
0.0010986328 0.0019172406
0.0012207031 0.0019173265
0.0013427734 0.0019173085
0.0014648438 0.0019172566
0.0015869141 0.0019170763
0.0017089844 0.0019173395
0.0018310547 0.001917047
0.001953125 0.001917074
0.0020751953 0.0019171675
0.0021972656 0.0019172789
0.0023193359 0.001917299
0.0024414062 0.0019171606
0.0025634766 0.0019171909
0.0026855469 0.0019172247
0.0028076172 0.0019171123
0.0029296875 0.0019174703
0.0030517578 0.0019172003
0.0031738281 0.0019170501
0.0032958984 0.0019170941
0.0034179688 0.0019170389
0.0035400391 0.0019172785
0.0036621094 0.0019172057
0.0037841797 0.0019174794
0.00390625 0.0019173587
0.0040283203 0.0019174454
0.0041503906 0.0019171223
0.0042724609 0.0019172394
0.0043945312 0.0019176419
0.0045166016 0.0019172782
0.0046386719 0.0019176269
0.0047607422 0.0019173477
0.0048828125 0.0019175485
0.0050048828 0.0019174362
0.0051269531 0.0019174803
0.0052490234 0.0019173288
0.0053710938 0.0019173209
0.0054931641 0.0019174776
0.0056152344 0.0019175347
0.0057373047 0.0019174804
0.005859375 0.001917481
0.0059814453 0.0019173885
0.0061035156 0.0019173421
0.0062255859 0.0019173821
0.0063476562 0.0019175499
0.0064697266 0.0019174976
0.0065917969 0.0019177364
0.0067138672 0.0019175588
0.0068359375 0.001917601
0.0069580078 0.0019178547
0.0070800781 0.0019174613
0.0072021484 0.001917501
0.0073242188 0.0019175627
0.0074462891 0.0019179452
0.0075683594 0.0019177986
0.0076904297 0.0019177346
0.0078125 0.0019177852
0.0079345703 0.0019177703
0.0080566406 0.0019181272
0.0081787109 0.0019177267
0.0083007812 0.0019178171
0.0084228516 0.0019175852
0.0085449219 0.0019177614
0.0086669922 0.0019181521
0.0087890625 0.0019180283
0.0089111328 0.0019180813
0.0090332031 0.0019179995
0.0091552734 0.0019180804
0.0092773438 0.0019181528
0.0093994141 0.0019180676
0.0095214844 0.0019181772
0.0096435547 0.0019181185
0.009765625 0.0019183247
0.0098876953 0.001918156
0.010009766 0.0019179738
0.010131836 0.0019181703
0.010253906 0.0019184635
0.010375977 0.0019182269
0.010498047 0.0019182317
0.010620117 0.0019182477
0.010742188 0.0019181261
0.010864258 0.001918609
0.010986328 0.0019184537
0.011108398 0.0019187848
0.011230469 0.0019180123
0.011352539 0.0019184792
0.011474609 0.0019184544
0.01159668 0.0019185319
0.01171875 0.0019184525
0.01184082 0.0019187503
0.011962891 0.0019187473
0.012084961 0.0019184315
0.012207031 0.0019186789
0.012329102 0.0019188485
0.012451172 0.0019186972
0.012573242 0.0019187867
0.012695312 0.001918511
0.012817383 0.0019186624
0.012939453 0.0019189868
0.013061523 0.0019185598
0.013183594 0.0019190074
0.013305664 0.0019187937
0.013427734 0.0019190767
0.013549805 0.0019191857
0.013671875 0.0019190679
0.013793945 0.0019192718
0.013916016 0.0019190362
0.014038086 0.0019192729
0.014160156 0.0019194759
0.014282227 0.0019191045
0.014404297 0.0019191153
0.014526367 0.0019193394
0.014648438 0.0019195144
0.014770508 0.0019191864
0.014892578 0.0019193904
0.015014648 0.0019192874
0.015136719 0.001919558
0.015258789 0.0019195982
0.015380859 0.0019195122
0.01550293 0.0019196346
0.015625 0.001919501
0.01574707 0.0019197892
0.015869141 0.0019196811
0.015991211 0.0019196894
0.016113281 0.0019194022
0.016235352 0.0019198487
0.016357422 0.0019198869
0.016479492 0.0019199655
0.016601562 0.0019197127
0.016723633 0.0019198869
0.016845703 0.0019201371
0.016967773 0.0019201752
0.017089844 0.0019203687
0.017211914 0.0019201176
0.017333984 0.0019202895
0.017456055 0.0019203527
0.017578125 0.001920041
0.017700195 0.0019201534
0.017822266 0.0019202325
0.017944336 0.0019203623
0.018066406 0.0019203461
0.018188477 0.001920535
0.018310547 0.0019202966
0.018432617 0.0019207624
0.018554688 0.0019208532
0.018676758 0.0019209122
0.018798828 0.0019206085
0.018920898 0.0019209408
0.019042969 0.0019208997
0.019165039 0.0019206689
0.019287109 0.0019208527
0.01940918 0.0019209207
0.01953125 0.0019209239
0.01965332 0.0019210131
0.019775391 0.0019208014
0.019897461 0.001921072
0.020019531 0.0019209819
0.020141602 0.0019213833
0.020263672 0.0019213124
0.020385742 0.0019214227
0.020507812 0.0019210909
0.020629883 0.0019216796
0.020751953 0.0019214914
0.020874023 0.0019215992
0.020996094 0.001921633
0.021118164 0.0019218849
0.021240234 0.0019218948
0.021362305 0.0019216428
0.021484375 0.0019217306
0.021606445 0.0019219367
0.021728516 0.0019220854
0.021850586 0.0019221446
0.021972656 0.0019219248
0.022094727 0.0019219607
0.022216797 0.0019222935
0.022338867 0.0019215514
0.022460938 0.0019225108
0.022583008 0.0019223206
0.022705078 0.0019222596
0.022827148 0.0019223346
0.022949219 0.0019227989
0.023071289 0.0019224844
0.023193359 0.0019224975
0.02331543 0.0019227477
0.0234375 0.0019227078
0.02355957 0.0019225593
0.023681641 0.0019227473
0.023803711 0.0019229343
0.023925781 0.001922971
0.024047852 0.0019231015
0.024169922 0.0019230298
0.024291992 0.0019234397
0.024414062 0.001923196
0.024536133 0.0019232298
0.024658203 0.0019232417
0.024780273 0.0019236503
0.024902344 0.0019234557
0.025024414 0.0019237049
0.025146484 0.0019234806
0.025268555 0.0019235749
0.025390625 0.0019237345
0.025512695 0.0019234051
0.025634766 0.0019237016
0.025756836 0.0019239169
0.025878906 0.0019239588
0.026000977 0.0019237594
0.026123047 0.001924048
0.026245117 0.0019241214
0.026367188 0.0019240016
0.026489258 0.0019242256
0.026611328 0.0019242624
0.026733398 0.0019244743
0.026855469 0.0019240721
0.026977539 0.0019242828
0.027099609 0.0019248446
0.02722168 0.0019246263
0.02734375 0.001924807
0.02746582 0.0019246367
0.027587891 0.0019250725
0.027709961 0.0019249746
0.027832031 0.0019250426
0.027954102 0.0019247113
0.028076172 0.0019249924
0.028198242 0.0019251792
0.028320312 0.0019253066
0.028442383 0.0019252107
0.028564453 0.001925977
0.028686523 0.0019254821
0.028808594 0.001925415
0.028930664 0.0019256979
0.029052734 0.0019254352
0.029174805 0.0019256571
0.029296875 0.0019261204
0.029418945 0.0019260232
0.029541016 0.0019260674
0.029663086 0.0019261195
0.029785156 0.0019260739
0.029907227 0.0019264416
0.030029297 0.0019265518
0.030151367 0.001926194
0.030273438 0.0019262478
0.030395508 0.0019265028
0.030517578 0.0019268865
0.030639648 0.0019266978
0.030761719 0.0019268092
0.030883789 0.0019268566
0.031005859 0.0019271535
0.03112793 0.0019269551
0.03125 0.0019270924
0.03137207 0.0019272516
0.031494141 0.0019270562
0.031616211 0.0019272378
0.031738281 0.0019271999
0.031860352 0.0019277585
0.031982422 0.001927759
0.032104492 0.0019276166
0.032226562 0.0019273989
0.032348633 0.0019278634
0.032470703 0.0019279339
0.032592773 0.0019278108
0.032714844 0.0019281376
0.032836914 0.0019279965
0.032958984 0.0019281576
0.033081055 0.001927994
0.033203125 0.0019283105
0.033325195 0.0019285496
0.033447266 0.001928386
0.033569336 0.0019286435
0.033691406 0.0019288551
0.033813477 0.0019286547
0.033935547 0.0019289279
0.034057617 0.0019290058
0.034179688 0.0019289731
0.034301758 0.0019292106
0.034423828 0.0019293146
0.034545898 0.0019291452
0.034667969 0.001929218
0.034790039 0.0019295255
0.034912109 0.0019295307
0.03503418 0.0019296935
0.03515625 0.00192989
0.03527832 0.0019299388
0.035400391 0.0019300113
0.035522461 0.0019298843
0.035644531 0.0019299728
0.035766602 0.0019303265
0.035888672 0.0019305023
0.036010742 0.0019303188
0.036132812 0.0019300953
0.036254883 0.0019303873
0.036376953 0.0019306733
0.036499023 0.00193042
0.036621094 0.0019312871
0.036743164 0.0019308023
0.036865234 0.0019312731
0.036987305 0.0019312665
0.037109375 0.0019307466
0.037231445 0.0019313195
0.037353516 0.001931415
0.037475586 0.0019314508
0.037597656 0.0019313552
0.037719727 0.0019316312
0.037841797 0.0019319538
0.037963867 0.0019316131
0.038085938 0.0019315974
0.038208008 0.0019320761
0.038330078 0.0019320311
0.038452148 0.0019325778
0.038574219 0.0019320956
0.038696289 0.0019319028
0.038818359 0.0019324402
0.03894043 0.0019329418
0.0390625 0.001932548
0.03918457 0.0019330351
0.039306641 0.0019326317
0.039428711 0.0019327614
0.039550781 0.0019332264
0.039672852 0.0019331296
0.039794922 0.0019333225
0.039916992 0.0019332641
0.040039062 0.0019331609
0.040161133 0.0019335428
0.040283203 0.0019335377
0.040405273 0.0019336475
0.040527344 0.0019338484
0.040649414 0.0019336537
0.040771484 0.0019341661
0.040893555 0.0019346755
0.041015625 0.0019342728
0.041137695 0.0019344056
0.041259766 0.0019345785
0.041381836 0.0019342664
0.041503906 0.0019346772
0.041625977 0.0019347621
0.041748047 0.001935237
0.041870117 0.0019351594
0.041992188 0.0019354769
0.042114258 0.0019353807
0.042236328 0.0019355673
0.042358398 0.0019357243
0.042480469 0.0019357086
0.042602539 0.0019355527
0.042724609 0.0019356963
0.04284668 0.0019358378
0.04296875 0.001936037
0.04309082 0.0019360935
0.043212891 0.0019363652
0.043334961 0.0019364457
0.043457031 0.0019364325
0.043579102 0.0019368988
0.043701172 0.0019365648
0.043823242 0.0019368179
0.043945312 0.0019368421
0.044067383 0.0019370486
0.044189453 0.0019369962
0.044311523 0.0019372401
0.044433594 0.0019374671
0.044555664 0.0019373929
0.044677734 0.0019376651
0.044799805 0.0019374652
0.044921875 0.001937907
0.045043945 0.0019381767
0.045166016 0.0019378938
0.045288086 0.0019380887
0.045410156 0.0019384309
0.045532227 0.0019384236
0.045654297 0.001938383
0.045776367 0.0019387077
0.045898438 0.0019385012
0.046020508 0.0019387147
0.046142578 0.0019392024
0.046264648 0.0019392559
0.046386719 0.0019389877
0.046508789 0.0019390058
0.046630859 0.0019391293
0.04675293 0.0019394572
0.046875 0.0019396515
0.04699707 0.0019397599
0.047119141 0.001939873
0.047241211 0.001940215
0.047363281 0.0019401384
0.047485352 0.0019401738
0.047607422 0.0019404103
0.047729492 0.0019407676
0.047851562 0.0019404862
0.047973633 0.0019407811
0.048095703 0.0019405129
0.048217773 0.0019406044
0.048339844 0.0019411527
0.048461914 0.0019412607
0.048583984 0.0019413531
0.048706055 0.0019414233
0.048828125 0.0019417619
0.048950195 0.0019416795
0.049072266 0.0019418331
0.049194336 0.0019419069
0.049316406 0.001942176
0.049438477 0.001942089
0.049560547 0.0019422008
0.049682617 0.001942473
0.049804688 0.0019426449
0.049926758 0.0019429947
0.050048828 0.0019430439
0.050170898 0.0019431083
0.050292969 0.0019430568
0.050415039 0.0019431479
0.050537109 0.001943058
0.05065918 0.0019433877
0.05078125 0.0019433347
0.05090332 0.001943744
0.051025391 0.001943612
0.051147461 0.0019437778
0.051269531 0.0019438275
0.051391602 0.0019442336
0.051513672 0.0019444285
0.051635742 0.0019445212
0.051757812 0.0019447995
0.051879883 0.0019448863
0.052001953 0.0019448226
0.052124023 0.0019453414
0.052246094 0.0019452011
0.052368164 0.00194508
0.052490234 0.0019454825
0.052612305 0.0019453891
0.052734375 0.0019458034
0.052856445 0.0019458029
0.052978516 0.0019459093
0.053100586 0.0019459974
0.053222656 0.0019462943
0.053344727 0.0019463403
0.053466797 0.0019465195
0.053588867 0.0019468479
0.053710938 0.0019467373
0.053833008 0.0019469511
0.053955078 0.0019471916
0.054077148 0.0019469866
0.054199219 0.0019472807
0.054321289 0.0019473936
0.054443359 0.0019476527
0.05456543 0.0019475036
0.0546875 0.0019478211
0.05480957 0.0019479931
0.054931641 0.0019481345
0.055053711 0.001948137
0.055175781 0.001948405
0.055297852 0.0019485823
0.055419922 0.0019486072
0.055541992 0.0019489149
0.055664062 0.0019489936
0.055786133 0.0019490832
0.055908203 0.0019495228
0.056030273 0.0019493136
0.056152344 0.0019494843
0.056274414 0.0019498052
0.056396484 0.0019498397
0.056518555 0.0019498281
0.056640625 0.0019501336
0.056762695 0.0019503476
0.056884766 0.0019502178
0.057006836 0.001950934
0.057128906 0.0019506809
0.057250977 0.0019510964
0.057373047 0.0019509547
0.057495117 0.0019510084
0.057617188 0.0019512647
0.057739258 0.0019515238
0.057861328 0.001951852
0.057983398 0.0019515834
0.058105469 0.0019518605
0.058227539 0.0019518887
0.058349609 0.0019517952
0.05847168 0.0019520511
0.05859375 0.0019522852
0.05871582 0.0019525586
0.058837891 0.001952802
0.058959961 0.0019532878
0.059082031 0.0019531079
0.059204102 0.0019531169
0.059326172 0.0019531313
0.059448242 0.0019534617
0.059570312 0.0019535175
0.059692383 0.0019536402
0.059814453 0.0019540768
0.059936523 0.0019543471
0.060058594 0.0019540987
0.060180664 0.0019545738
0.060302734 0.0019547888
0.060424805 0.001954316
0.060546875 0.0019549842
0.060668945 0.0019549107
0.060791016 0.0019554309
0.060913086 0.0019553651
0.061035156 0.0019557056
0.061157227 0.0019557317
0.061279297 0.0019555888
0.061401367 0.0019560993
0.061523438 0.0019558756
0.061645508 0.0019565231
0.061767578 0.0019564607
0.061889648 0.0019566228
0.062011719 0.0019564889
0.062133789 0.0019570529
0.062255859 0.0019571392
0.06237793 0.0019572827
0.0625 0.0019573989
0.06262207 0.001957389
0.062744141 0.0019577851
0.062866211 0.0019580711
0.062988281 0.0019578468
0.063110352 0.0019585396
0.063232422 0.0019583208
0.063354492 0.0019584161
0.063476562 0.0019585112
0.063598633 0.0019588439
0.063720703 0.0019592608
0.063842773 0.0019590583
0.063964844 0.0019589827
0.064086914 0.0019593339
0.064208984 0.0019592864
0.064331055 0.0019600721
0.064453125 0.0019597494
0.064575195 0.0019602263
0.064697266 0.0019603825
0.064819336 0.001960399
0.064941406 0.0019608763
0.065063477 0.0019607848
0.065185547 0.0019610546
0.065307617 0.0019611622
0.065429688 0.0019614688
0.065551758 0.0019616328
0.065673828 0.0019617921
0.065795898 0.0019617707
0.065917969 0.0019618868
0.066040039 0.0019620545
0.066162109 0.0019622466
0.06628418 0.0019624135
0.06640625 0.00196261
0.06652832 0.0019630173
0.066650391 0.0019630497
0.066772461 0.0019632905
0.066894531 0.001963448
0.067016602 0.001963943
0.067138672 0.0019639003
0.067260742 0.0019640258
0.067382812 0.0019642972
0.067504883 0.0019642034
0.067626953 0.0019644944
0.067749023 0.0019644747
0.067871094 0.0019648227
0.067993164 0.0019649286
0.068115234 0.0019651907
0.068237305 0.0019653171
0.068359375 0.0019651733
0.068481445 0.0019657458
0.068603516 0.0019657165
0.068725586 0.0019659791
0.068847656 0.0019658645
0.068969727 0.0019662168
0.069091797 0.0019665164
0.069213867 0.001966614
0.069335938 0.0019668382
0.069458008 0.0019671068
0.069580078 0.001967062
0.069702148 0.0019673155
0.069824219 0.0019674305
0.069946289 0.0019674591
0.070068359 0.0019679666
0.07019043 0.0019681609
0.0703125 0.0019684837
0.07043457 0.0019688793
0.070556641 0.0019684127
0.070678711 0.0019690372
0.070800781 0.0019690766
0.070922852 0.0019694272
0.071044922 0.0019693993
0.071166992 0.0019693091
0.071289062 0.0019700164
0.071411133 0.0019703023
0.071533203 0.0019703167
0.071655273 0.0019705359
0.071777344 0.0019704761
0.071899414 0.0019710647
0.072021484 0.0019708673
0.072143555 0.0019711838
0.072265625 0.0019712718
0.072387695 0.0019714427
0.072509766 0.0019718736
0.072631836 0.0019717176
0.072753906 0.0019722586
0.072875977 0.0019720698
0.072998047 0.0019722629
0.073120117 0.0019725093
0.073242188 0.0019729306
0.073364258 0.001972907
0.073486328 0.001973244
0.073608398 0.0019738239
0.073730469 0.0019736481
0.073852539 0.0019734772
0.073974609 0.0019740589
0.07409668 0.0019739121
0.07421875 0.0019742953
0.07434082 0.0019743305
0.074462891 0.0019750589
0.074584961 0.0019751202
0.074707031 0.0019753929
0.074829102 0.0019755841
0.074951172 0.0019756589
0.075073242 0.0019754191
0.075195312 0.0019758081
0.075317383 0.0019758702
0.075439453 0.0019764777
0.075561523 0.0019763608
0.075683594 0.0019767114
0.075805664 0.001976779
0.075927734 0.0019772658
0.076049805 0.0019774375
0.076171875 0.0019774955
0.076293945 0.0019776864
0.076416016 0.0019779292
0.076538086 0.0019780262
0.076660156 0.0019781327
0.076782227 0.0019786964
0.076904297 0.0019788536
0.077026367 0.0019786903
0.077148438 0.0019789692
0.077270508 0.0019793962
0.077392578 0.0019795588
0.077514648 0.0019799251
0.077636719 0.0019796738
0.077758789 0.0019799642
0.077880859 0.0019802943
0.07800293 0.0019806647
0.078125 0.0019806333
0.07824707 0.0019807516
0.078369141 0.0019808962
0.078491211 0.0019811299
0.078613281 0.0019815545
0.078735352 0.0019816584
0.078857422 0.0019818323
0.078979492 0.0019823805
0.079101562 0.001982196
0.079223633 0.0019826777
0.079345703 0.0019826819
0.079467773 0.0019832598
0.079589844 0.0019832567
0.079711914 0.0019831052
0.079833984 0.0019836296
0.079956055 0.0019840168
0.080078125 0.0019839922
0.080200195 0.0019838532
0.080322266 0.0019846014
0.080444336 0.0019850093
0.080566406 0.0019848989
0.080688477 0.0019853487
0.080810547 0.0019852209
0.080932617 0.0019856591
0.081054688 0.0019856323
0.081176758 0.0019860688
0.081298828 0.0019860373
0.081420898 0.0019864642
0.081542969 0.0019866823
0.081665039 0.0019868114
0.081787109 0.0019868486
0.08190918 0.001987603
0.08203125 0.0019877062
0.08215332 0.0019877019
0.082275391 0.0019883424
0.082397461 0.0019880235
0.082519531 0.0019882032
0.082641602 0.0019886044
0.082763672 0.001988614
0.082885742 0.001988777
0.083007812 0.0019891266
0.083129883 0.0019893922
0.083251953 0.0019897581
0.083374023 0.0019897506
0.083496094 0.0019902023
0.083618164 0.0019902546
0.083740234 0.0019904728
0.083862305 0.0019906292
0.083984375 0.0019910424
0.084106445 0.0019910739
0.084228516 0.0019914469
0.084350586 0.0019912925
0.084472656 0.0019916608
0.084594727 0.0019919036
0.084716797 0.0019922712
0.084838867 0.0019926907
0.084960938 0.001992531
0.085083008 0.0019931082
0.085205078 0.0019933859
0.085327148 0.0019934258
0.085449219 0.0019936212
0.085571289 0.0019938658
0.085693359 0.0019942356
0.08581543 0.0019946693
0.0859375 0.0019945527
0.08605957 0.0019947221
0.086181641 0.0019947799
0.086303711 0.001995374
0.086425781 0.0019953589
0.086547852 0.0019956315
0.086669922 0.0019958479
0.086791992 0.0019961659
0.086914062 0.0019964904
0.087036133 0.0019966873
0.087158203 0.0019968072
0.087280273 0.0019975156
0.087402344 0.0019972794
0.087524414 0.0019974951
0.087646484 0.0019977258
0.087768555 0.0019980072
0.087890625 0.0019981748
0.088012695 0.0019982058
0.088134766 0.0019986241
0.088256836 0.0019989728
0.088378906 0.0019990016
0.088500977 0.001999404
0.088623047 0.0019997719
0.088745117 0.0019998777
0.088867188 0.0020001462
0.088989258 0.0020004575
0.089111328 0.0020005414
0.089233398 0.0020008901
0.089355469 0.0020011882
0.089477539 0.0020011436
0.089599609 0.0020012626
0.08972168 0.0020017691
0.08984375 0.0020021261
0.08996582 0.0020026054
0.090087891 0.0020026316
0.090209961 0.0020026951
0.090332031 0.0020029289
0.090454102 0.0020032083
0.090576172 0.0020030314
0.090698242 0.0020035532
0.090820312 0.0020039971
0.090942383 0.0020040603
0.091064453 0.002004619
0.091186523 0.002004684
0.091308594 0.0020048641
0.091430664 0.0020052048
0.091552734 0.0020053188
0.091674805 0.0020056587
0.091796875 0.0020058961
0.091918945 0.0020061373
0.092041016 0.0020065685
0.092163086 0.0020070294
0.092285156 0.0020067646
0.092407227 0.0020068511
0.092529297 0.0020071707
0.092651367 0.0020078155
0.092773438 0.0020079457
0.092895508 0.002008107
0.093017578 0.0020087531
0.093139648 0.0020085643
0.093261719 0.0020088238
0.093383789 0.0020091853
0.093505859 0.0020095651
0.09362793 0.0020094042
0.09375 0.0020094809
0.09387207 0.0020099689
0.093994141 0.0020101709
0.094116211 0.0020107243
0.094238281 0.0020108066
0.094360352 0.0020113151
0.094482422 0.002011327
0.094604492 0.002011794
0.094726562 0.0020116676
0.094848633 0.0020122343
0.094970703 0.0020124254
0.095092773 0.0020127898
0.095214844 0.0020131695
0.095336914 0.0020133284
0.095458984 0.0020134621
0.095581055 0.0020137358
0.095703125 0.0020140166
0.095825195 0.0020140754
0.095947266 0.0020143316
0.096069336 0.0020142952
0.096191406 0.002014763
0.096313477 0.0020152082
0.096435547 0.0020156598
0.096557617 0.0020157448
0.096679688 0.0020159225
0.096801758 0.0020160419
0.096923828 0.002016155
0.097045898 0.0020167578
0.097167969 0.0020166919
0.097290039 0.0020172757
0.097412109 0.0020176024
0.09753418 0.0020181505
0.09765625 0.0020178839
0.09777832 0.0020184659
0.097900391 0.0020186365
0.098022461 0.0020187748
0.098144531 0.0020191813
0.098266602 0.002019712
0.098388672 0.0020196851
0.098510742 0.0020200132
0.098632812 0.0020198609
0.098754883 0.0020203994
0.098876953 0.002020791
0.098999023 0.0020209936
0.099121094 0.0020212158
0.099243164 0.0020217174
0.099365234 0.0020217261
0.099487305 0.0020220349
0.099609375 0.0020224173
0.099731445 0.0020226951
0.099853516 0.0020229978
0.099975586 0.0020231815
0.10009766 0.0020232891
0.10021973 0.0020235759
0.1003418 0.0020238871
0.10046387 0.0020240807
0.10058594 0.002024492
0.10070801 0.0020247991
0.10083008 0.002025163
0.10095215 0.0020253498
0.10107422 0.002025521
0.10119629 0.0020259848
0.10131836 0.0020260416
0.10144043 0.0020264111
0.1015625 0.0020270025
0.10168457 0.0020271802
0.10180664 0.0020272265
0.10192871 0.0020277264
0.10205078 0.0020277389
0.10217285 0.0020281135
0.10229492 0.0020282063
0.10241699 0.0020287864
0.10253906 0.0020290757
0.10266113 0.0020287897
0.1027832 0.0020294602
0.10290527 0.002029631
0.10302734 0.0020302133
0.10314941 0.0020306956
0.10327148 0.0020305054
0.10339355 0.0020308903
0.10351562 0.0020310873
0.1036377 0.0020311921
0.10375977 0.0020317517
0.10388184 0.0020320841
0.10400391 0.0020321427
0.10412598 0.0020323776
0.10424805 0.0020327153
0.10437012 0.0020332646
0.10449219 0.0020334966
0.10461426 0.0020338376
0.10473633 0.0020340186
0.1048584 0.0020343703
0.10498047 0.0020343955
0.10510254 0.0020348192
0.10522461 0.0020350985
0.10534668 0.002035565
0.10546875 0.0020355342
0.10559082 0.0020356674
0.10571289 0.0020361021
0.10583496 0.002036603
0.10595703 0.0020364486
0.1060791 0.0020370279
0.10620117 0.0020374094
0.10632324 0.0020378117
0.10644531 0.0020382039
0.10656738 0.0020384001
0.10668945 0.0020383632
0.10681152 0.0020388332
0.10693359 0.0020391924
0.10705566 0.0020395279
0.10717773 0.0020395045
0.1072998 0.002040116
0.10742188 0.0020403264
0.10754395 0.0020407127
0.10766602 0.0020406665
0.10778809 0.0020409451
0.10791016 0.0020415148
0.10803223 0.0020417906
0.1081543 0.0020419603
0.10827637 0.0020423396
0.10839844 0.0020424903
0.10852051 0.0020429367
0.10864258 0.002043208
0.10876465 0.002043382
0.10888672 0.0020435112
0.10900879 0.0020440787
0.10913086 0.0020443049
0.10925293 0.0020445303
0.109375 0.0020448993
0.10949707 0.0020451798
0.10961914 0.0020458875
0.10974121 0.0020462679
0.10986328 0.0020460049
0.10998535 0.0020464729
0.11010742 0.0020465758
0.11022949 0.0020469063
0.11035156 0.0020473255
0.11047363 0.0020476151
0.1105957 0.0020481112
0.11071777 0.0020483518
0.11083984 0.0020485065
0.11096191 0.002048756
0.11108398 0.0020493213
0.11120605 0.0020493145
0.11132812 0.0020494634
0.1114502 0.0020498214
0.11157227 0.0020500602
0.11169434 0.0020504905
0.11181641 0.0020509939
0.11193848 0.0020512758
0.11206055 0.0020512483
0.11218262 0.002051641
0.11230469 0.0020518912
0.11242676 0.0020523599
0.11254883 0.0020524991
0.1126709 0.002053021
0.11279297 0.0020532145
0.11291504 0.0020532786
0.11303711 0.0020535116
0.11315918 0.0020539896
0.11328125 0.0020540294
0.11340332 0.0020543512
0.11352539 0.0020551296
0.11364746 0.0020552317
0.11376953 0.0020551288
0.1138916 0.0020556472
0.11401367 0.002056295
0.11413574 0.002056271
0.11425781 0.0020566265
0.11437988 0.0020571602
0.11450195 0.002057393
0.11462402 0.0020573811
0.11474609 0.0020576349
0.11486816 0.0020578427
0.11499023 0.0020583434
0.1151123 0.0020585904
0.11523438 0.0020587247
0.11535645 0.0020589286
0.11547852 0.0020593219
0.11560059 0.0020592828
0.11572266 0.0020597164
0.11584473 0.0020602704
0.1159668 0.0020602883
0.11608887 0.0020604546
0.11621094 0.002060465
0.11633301 0.0020605726
0.11645508 0.0020608364
0.11657715 0.002060953
0.11669922 0.0020610996
0.11682129 0.0020610095
0.11694336 0.0020611706
0.11706543 0.0020612072
0.1171875 0.0020607813
0.11730957 0.0020607605
0.11743164 0.0020605988
0.11755371 0.0020599372
0.11767578 0.0020595115
0.11779785 0.0020579534
0.11791992 0.002055935
0.11804199 0.0020522264
0.11816406 0.0020455795
0.11828613 0.0020260319
0.1184082 0.0058714705
0.11853027 0.0021254424
0.11865234 0.0020963613
0.11877441 0.0020872345
0.11889648 0.0020832313
0.11901855 0.0020808496
0.11914062 0.0020795136
0.1192627 0.0020788066
0.11938477 0.0020779438
0.11950684 0.0020781122
0.11962891 0.002077601
0.11975098 0.0020773683
0.11987305 0.0020774407
0.11999512 0.0020775176
0.12011719 0.0020772073
0.12023926 0.0020774998
0.12036133 0.0020777324
0.1204834 0.0020776286
0.12060547 0.0020778373
0.12072754 0.0020784137
0.12084961 0.0020786266
0.12097168 0.0020785762
0.12109375 0.0020791356
0.12121582 0.0020793716
0.12133789 0.0020792039
0.12145996 0.0020796378
0.12158203 0.0020800221
0.1217041 0.0020801653
0.12182617 0.0020806356
0.12194824 0.0020805556
0.12207031 0.0020813007
0.12219238 0.0020814354
0.12231445 0.0020816245
0.12243652 0.0020820147
0.12255859 0.0020824408
0.12268066 0.002082704
0.12280273 0.0020830141
0.1229248 0.002083127
0.12304688 0.0020835904
0.12316895 0.002083987
0.12329102 0.0020839234
0.12341309 0.002084589
0.12353516 0.002085158
0.12365723 0.0020853108
0.1237793 0.00208545
0.12390137 0.0020855246
0.12402344 0.002085998
0.12414551 0.0020867628
0.12426758 0.0020866289
0.12438965 0.0020871236
0.12451172 0.0020873238
0.12463379 0.0020880804
0.12475586 0.0020882605
0.12487793 0.0020883724
0.125 0.0020887329
0.12512207 0.0020890586
0.12524414 0.0020896881
0.12536621 0.0020901774
0.12548828 0.0020900663
0.12561035 0.0020907768
0.12573242 0.0020909616
0.12585449 0.0020913079
0.12597656 0.0020914671
0.12609863 0.0020918648
0.1262207 0.0020922544
0.12634277 0.0020928031
0.12646484 0.0020931122
0.12658691 0.0020934451
0.12670898 0.0020938545
0.12683105 0.0020941938
0.12695312 0.0020943734
0.1270752 0.0020946912
0.12719727 0.0020950987
0.12731934 0.0020955231
0.12744141 0.0020958364
0.12756348 0.0020961894
0.12768555 0.0020967558
0.12780762 0.0020968112
0.12792969 0.0020975318
0.12805176 0.0020974645
0.12817383 0.0020979904
0.1282959 0.0020985613
0.12841797 0.0020988213
0.12854004 0.002099408
0.12866211 0.0020994075
0.12878418 0.0021002268
0.12890625 0.0021002702
0.12902832 0.002100653
0.12915039 0.0021011699
0.12927246 0.0021017036
0.12939453 0.0021016345
0.1295166 0.0021020961
0.12963867 0.0021024677
0.12976074 0.0021030242
0.12988281 0.0021034161
0.13000488 0.0021036286
0.13012695 0.0021038828
0.13024902 0.0021045542
0.13037109 0.0021048169
0.13049316 0.0021050674
0.13061523 0.0021055998
0.1307373 0.0021057484
0.13085938 0.0021063532
0.13098145 0.0021063558
0.13110352 0.0021070147
0.13122559 0.002107399
0.13134766 0.0021077134
0.13146973 0.0021080624
0.1315918 0.002108355
0.13171387 0.0021089084
0.13183594 0.0021091213
0.13195801 0.0021093961
0.13208008 0.0021104162
0.13220215 0.0021104456
0.13232422 0.0021106689
0.13244629 0.0021111591
0.13256836 0.0021117663
0.13269043 0.0021118725
0.1328125 0.0021125215
0.13293457 0.0021129193
0.13305664 0.0021131696
0.13317871 0.0021134579
0.13330078 0.0021139169
0.13342285 0.0021140024
0.13354492 0.0021150363
0.13366699 0.0021149534
0.13378906 0.0021155194
0.13391113 0.002115861
0.1340332 0.0021163511
0.13415527 0.0021166898
0.13427734 0.0021170203
0.13439941 0.0021174059
0.13452148 0.0021180784
0.13464355 0.0021182432
0.13476562 0.0021183964
0.1348877 0.0021187725
0.13500977 0.0021192776
0.13513184 0.0021197828
0.13525391 0.0021203509
0.13537598 0.002120568
0.13549805 0.0021211762
0.13562012 0.0021211734
0.13574219 0.0021216604
0.13586426 0.0021219949
0.13598633 0.0021225268
0.1361084 0.0021230333
0.13623047 0.0021231556
0.13635254 0.0021238267
0.13647461 0.002124112
0.13659668 0.0021246159
0.13671875 0.0021249945
0.13684082 0.0021255707
0.13696289 0.0021254696
0.13708496 0.0021261829
0.13720703 0.0021263172
0.1373291 0.0021268926
0.13745117 0.0021274369
0.13757324 0.0021276917
0.13769531 0.0021284728
0.13781738 0.0021284675
0.13793945 0.0021290941
0.13806152 0.0021294495
0.13818359 0.0021295433
0.13830566 0.0021302069
0.13842773 0.0021305325
0.1385498 0.0021307598
0.13867188 0.0021318897
0.13879395 0.0021317266
0.13891602 0.0021325387
0.13903809 0.0021328388
0.13916016 0.0021332672
0.13928223 0.0021337899
0.1394043 0.0021342118
0.13952637 0.0021344539
0.13964844 0.0021348908
0.13977051 0.0021352582
0.13989258 0.0021353731
0.14001465 0.0021363258
0.14013672 0.0021365421
0.14025879 0.0021370292
0.14038086 0.0021371146
0.14050293 0.0021376044
0.140625 0.0021380968
0.14074707 0.0021387165
0.14086914 0.0021390579
0.14099121 0.0021395538
0.14111328 0.0021399078
0.14123535 0.0021403269
0.14135742 0.0021407597
0.14147949 0.0021414064
0.14160156 0.0021415343
0.14172363 0.0021419419
0.1418457 0.0021426836
0.14196777 0.0021428263
0.14208984 0.0021433563
0.14221191 0.0021437858
0.14233398 0.002144025
0.14245605 0.0021445998
0.14257812 0.0021447549
0.1427002 0.0021454137
0.14282227 0.0021457413
0.14294434 0.002146617
0.14306641 0.0021470166
0.14318848 0.0021472248
0.14331055 0.0021476995
0.14343262 0.0021479541
0.14355469 0.0021484478
0.14367676 0.0021489008
0.14379883 0.0021493535
0.1439209 0.0021495157
0.14404297 0.0021500685
0.14416504 0.0021504295
0.14428711 0.002150964
0.14440918 0.0021514686
0.14453125 0.0021518068
0.14465332 0.0021522534
0.14477539 0.0021527752
0.14489746 0.0021532673
0.14501953 0.0021538938
0.1451416 0.0021539211
0.14526367 0.0021545848
0.14538574 0.0021549077
0.14550781 0.002155401
0.14562988 0.0021559485
0.14575195 0.0021564367
0.14587402 0.0021566129
0.14599609 0.0021569738
0.14611816 0.0021575579
0.14624023 0.0021580845
0.1463623 0.0021584625
0.14648438 0.0021591265
0.14660645 0.0021593663
0.14672852 0.0021600382
0.14685059 0.0021606043
0.14697266 0.0021607557
0.14709473 0.0021612441
0.1472168 0.0021615719
0.14733887 0.0021619621
0.14746094 0.0021626063
0.14758301 0.0021627428
0.14770508 0.0021633799
0.14782715 0.0021638837
0.14794922 0.0021642087
0.14807129 0.00216462
0.14819336 0.0021653088
0.14831543 0.0021660878
0.1484375 0.00216611
0.14855957 0.0021666456
0.14868164 0.0021671227
0.14880371 0.0021676327
0.14892578 0.0021681925
0.14904785 0.0021683296
0.14916992 0.0021689562
0.14929199 0.0021690268
0.14941406 0.0021699884
0.14953613 0.0021703071
0.1496582 0.0021704512
0.14978027 0.0021713079
0.14990234 0.0021718077
0.15002441 0.002172209
0.15014648 0.0021725398
0.15026855 0.0021727717
0.15039062 0.002173675
0.1505127 0.0021740612
0.15063477 0.002174438
0.15075684 0.0021752067
0.15087891 0.0021755252
0.15100098 0.0021761495
0.15112305 0.0021764943
0.15124512 0.0021765369
0.15136719 0.0021776306
0.15148926 0.0021777878
0.15161133 0.0021779876
0.1517334 0.0021786101
0.15185547 0.0021793009
0.15197754 0.002179348
0.15209961 0.0021798537
0.15222168 0.0021805469
0.15234375 0.0021810257
0.15246582 0.0021815264
0.15258789 0.0021820594
0.15270996 0.0021821544
0.15283203 0.002183052
0.1529541 0.0021835645
0.15307617 0.0021836915
0.15319824 0.0021845169
0.15332031 0.0021846399
0.15344238 0.0021851831
0.15356445 0.0021860922
0.15368652 0.0021863645
0.15380859 0.0021867502
0.15393066 0.0021873931
0.15405273 0.0021877275
0.1541748 0.0021882912
0.15429688 0.0021886798
0.15441895 0.0021892715
0.15454102 0.0021898178
0.15466309 0.0021901544
0.15478516 0.0021905998
0.15490723 0.0021911435
0.1550293 0.002191483
0.15515137 0.0021920132
0.15527344 0.0021926847
0.15539551 0.0021932673
0.15551758 0.0021936279
0.15563965 0.0021942173
0.15576172 0.0021946094
0.15588379 0.0021949622
0.15600586 0.0021955894
0.15612793 0.0021957274
0.15625 0.0021967197
0.15637207 0.0021968188
0.15649414 0.0021974119
0.15661621 0.0021978837
0.15673828 0.0021983829
0.15686035 0.0021989265
0.15698242 0.002199406
0.15710449 0.0021996665
0.15722656 0.0022001682
0.15734863 0.0022008726
0.1574707 0.002201487
0.15759277 0.0022019779
0.15771484 0.0022025158
0.15783691 0.0022030649
0.15795898 0.002203208
0.15808105 0.0022040219
0.15820312 0.0022044674
0.1583252 0.0022049511
0.15844727 0.0022053942
0.15856934 0.0022059127
0.15869141 0.0022066492
0.15881348 0.0022070281
0.15893555 0.0022074313
0.15905762 0.0022079362
0.15917969 0.0022085695
0.15930176 0.0022088476
0.15942383 0.0022097423
0.1595459 0.0022097378
0.15966797 0.0022104107
0.15979004 0.0022109472
0.15991211 0.0022116786
0.16003418 0.0022119419
0.16015625 0.002212087
0.16027832 0.0022129888
0.16040039 0.0022138332
0.16052246 0.0022135725
0.16064453 0.0022143163
0.1607666 0.0022151582
0.16088867 0.0022156863
0.16101074 0.002216128
0.16113281 0.0022165511
0.16125488 0.0022169084
0.16137695 0.0022174654
0.16149902 0.0022180476
0.16162109 0.0022189108
0.16174316 0.0022189853
0.16186523 0.0022195976
0.1619873 0.0022202524
0.16210938 0.0022208971
0.16223145 0.0022213461
0.16235352 0.002222041
0.16247559 0.0022227236
0.16259766 0.0022230222
0.16271973 0.0022230837
0.1628418 0.0022237315
0.16296387 0.0022246135
0.16308594 0.0022247369
0.16320801 0.0022254061
0.16333008 0.0022258068
0.16345215 0.002226498
0.16357422 0.0022271789
0.16369629 0.0022275695
0.16381836 0.0022284257
0.16394043 0.00222835
0.1640625 0.0022291482
0.16418457 0.0022298716
0.16430664 0.0022299734
0.16442871 0.0022306896
0.16455078 0.002231136
0.16467285 0.0022318052
0.16479492 0.0022322185
0.16491699 0.0022327914
0.16503906 0.0022332634
0.16516113 0.0022336496
0.1652832 0.0022345448
0.16540527 0.0022352096
0.16552734 0.0022355487
0.16564941 0.0022360685
0.16577148 0.0022362816
0.16589355 0.0022372801
0.16601562 0.0022377696
0.1661377 0.0022383115
0.16625977 0.0022388563
0.16638184 0.0022392548
0.16650391 0.0022398536
0.16662598 0.0022406354
0.16674805 0.0022408643
0.16687012 0.002241578
0.16699219 0.00224237
0.16711426 0.0022426008
0.16723633 0.0022433197
0.1673584 0.0022434335
0.16748047 0.0022444101
0.16760254 0.0022446429
0.16772461 0.0022453158
0.16784668 0.0022457161
0.16796875 0.0022463152
0.16809082 0.0022469674
0.16821289 0.0022476265
0.16833496 0.0022479728
0.16845703 0.0022486829
0.1685791 0.002249256
0.16870117 0.0022496059
0.16882324 0.0022502327
0.16894531 0.0022509123
0.16906738 0.0022510508
0.16918945 0.0022519311
0.16931152 0.0022524908
0.16943359 0.0022532052
0.16955566 0.0022535894
0.16967773 0.0022541963
0.1697998 0.0022546043
0.16992188 0.0022552699
0.17004395 0.0022559592
0.17016602 0.0022562336
0.17028809 0.0022569674
0.17041016 0.002257677
0.17053223 0.0022580663
0.1706543 0.0022585979
0.17077637 0.0022593875
0.17089844 0.0022600699
0.17102051 0.0022604303
0.17114258 0.0022607303
0.17126465 0.0022613481
0.17138672 0.0022622191
0.17150879 0.0022627318
0.17163086 0.0022631721
0.17175293 0.00226395
0.171875 0.0022643213
0.17199707 0.0022650795
0.17211914 0.0022655096
0.17224121 0.0022662005
0.17236328 0.0022664628
0.17248535 0.0022672797
0.17260742 0.0022677358
0.17272949 0.0022685323
0.17285156 0.0022687568
0.17297363 0.0022696625
0.1730957 0.0022703483
0.17321777 0.0022705985
0.17333984 0.0022712514
0.17346191 0.0022720108
0.17358398 0.002272279
0.17370605 0.0022728504
0.17382812 0.0022733858
0.1739502 0.002274202
0.17407227 0.0022744328
0.17419434 0.0022752729
0.17431641 0.0022759169
0.17443848 0.0022762168
0.17456055 0.0022767083
0.17468262 0.002277792
0.17480469 0.0022782878
0.17492676 0.0022788797
0.17504883 0.0022793037
0.1751709 0.002279932
0.17529297 0.0022805558
0.17541504 0.0022813486
0.17553711 0.0022816815
0.17565918 0.0022825872
0.17578125 0.0022827357
0.17590332 0.0022837146
0.17602539 0.0022842098
0.17614746 0.0022846613
0.17626953 0.0022854838
0.1763916 0.0022858341
0.17651367 0.0022866074
0.17663574 0.002287034
0.17675781 0.0022877888
0.17687988 0.002288384
0.17700195 0.0022890601
0.17712402 0.0022894127
0.17724609 0.002290204
0.17736816 0.0022908601
0.17749023 0.0022911936
0.1776123 0.0022921053
0.17773438 0.0022926388
0.17785645 0.0022933562
0.17797852 0.0022937661
0.17810059 0.0022942719
0.17822266 0.0022949883
0.17834473 0.0022955442
0.1784668 0.0022962407
0.17858887 0.0022965278
0.17871094 0.0022975544
0.17883301 0.0022978374
0.17895508 0.0022985132
0.17907715 0.0022990535
0.17919922 0.0022999022
0.17932129 0.002300278
0.17944336 0.0023010327
0.17956543 0.0023017467
0.1796875 0.0023026222
0.17980957 0.0023025773
0.17993164 0.0023034991
0.18005371 0.0023041522
0.18017578 0.0023046383
0.18029785 0.0023054568
0.18041992 0.0023059227
0.18054199 0.0023068861
0.18066406 0.0023070374
0.18078613 0.0023080221
0.1809082 0.0023084305
0.18103027 0.0023090919
0.18115234 0.0023097776
0.18127441 0.0023105577
0.18139648 0.0023109875
0.18151855 0.0023114591
0.18164062 0.0023124523
0.1817627 0.0023127543
0.18188477 0.0023131453
0.18200684 0.0023139559
0.18212891 0.0023146402
0.18225098 0.0023156613
0.18237305 0.002316025
0.18249512 0.0023165254
0.18261719 0.0023170109
0.18273926 0.0023177675
0.18286133 0.0023183947
0.1829834 0.0023192348
0.18310547 0.002319754
0.18322754 0.0023204993
0.18334961 0.0023211207
0.18347168 0.0023219633
0.18359375 0.002322137
0.18371582 0.0023230882
0.18383789 0.0023234374
0.18395996 0.0023241928
0.18408203 0.0023250751
0.1842041 0.0023258229
0.18432617 0.0023260579
0.18444824 0.0023267755
0.18457031 0.0023274477
0.18469238 0.0023281567
0.18481445 0.0023287965
0.18493652 0.0023294614
0.18505859 0.0023303474
0.18518066 0.0023306182
0.18530273 0.0023315814
0.1854248 0.0023319395
0.18554688 0.002332834
0.18566895 0.0023334538
0.18579102 0.0023337876
0.18591309 0.0023346943
0.18603516 0.0023352324
0.18615723 0.0023358112
0.1862793 0.0023368448
0.18640137 0.0023372646
0.18652344 0.0023380957
0.18664551 0.0023386777
0.18676758 0.0023395468
0.18688965 0.0023402042
0.18701172 0.002340423
0.18713379 0.0023412899
0.18725586 0.0023418864
0.18737793 0.0023425196
0.1875 0.0023434005
0.18762207 0.0023437801
0.18774414 0.0023444799
0.18786621 0.0023453563
0.18798828 0.0023457806
0.18811035 0.0023467422
0.18823242 0.0023470775
0.18835449 0.0023478597
0.18847656 0.0023486623
0.18859863 0.0023491716
0.1887207 0.0023498708
0.18884277 0.0023505675
0.18896484 0.0023511274
0.18908691 0.0023521998
0.18920898 0.0023525818
0.18933105 0.0023533048
0.18945312 0.0023537864
0.1895752 0.0023548654
0.18969727 0.0023553086
0.18981934 0.0023559278
0.18994141 0.0023565528
0.19006348 0.0023574482
0.19018555 0.0023581265
0.19030762 0.0023587527
0.19042969 0.0023593382
0.19055176 0.0023597768
0.19067383 0.0023606384
0.1907959 0.0023613275
0.19091797 0.0023620504
0.19104004 0.0023627372
0.19116211 0.0023635107
0.19128418 0.0023641492
0.19140625 0.0023647791
0.19152832 0.0023653876
0.19165039 0.0023661521
0.19177246 0.0023672978
0.19189453 0.0023675245
0.1920166 0.00236832
0.19213867 0.0023690606
0.19226074 0.0023696595
0.19238281 0.0023705907
0.19250488 0.0023709784
0.19262695 0.0023720031
0.19274902 0.0023727099
0.19287109 0.0023731381
0.19299316 0.0023738589
0.19311523 0.0023746603
0.1932373 0.0023750976
0.19335938 0.0023760129
0.19348145 0.0023766259
0.19360352 0.0023773514
0.19372559 0.0023783778
0.19384766 0.0023789849
0.19396973 0.0023795646
0.1940918 0.002380227
0.19421387 0.002380663
0.19433594 0.0023818169
0.19445801 0.0023821694
0.19458008 0.0023828728
0.19470215 0.0023837153
0.19482422 0.0023842471
0.19494629 0.0023848755
0.19506836 0.0023858205
0.19519043 0.0023864541
0.1953125 0.0023871458
0.19543457 0.0023878901
0.19555664 0.0023887086
0.19567871 0.0023894565
0.19580078 0.0023901816
0.19592285 0.0023909739
0.19604492 0.0023916104
0.19616699 0.0023925213
0.19628906 0.0023929893
0.19641113 0.0023935767
0.1965332 0.0023944144
0.19665527 0.0023950599
0.19677734 0.0023958962
0.19689941 0.0023965471
0.19702148 0.0023973035
0.19714355 0.0023979822
0.19726562 0.0023987932
0.1973877 0.0023993657
0.19750977 0.0024002932
0.19763184 0.0024010744
0.19775391 0.0024017207
0.19787598 0.0024024785
0.19799805 0.0024030976
0.19812012 0.0024038175
0.19824219 0.0024045687
0.19836426 0.0024053923
0.19848633 0.0024060645
0.1986084 0.0024069514
0.19873047 0.002407581
0.19885254 0.0024085339
0.19897461 0.0024087676
0.19909668 0.0024099583
0.19921875 0.0024107286
0.19934082 0.0024113746
0.19946289 0.0024120372
0.19958496 0.0024127143
0.19970703 0.0024136947
0.1998291 0.0024143943
0.19995117 0.0024152564
0.20007324 0.0024158005
0.20019531 0.0024166216
0.20031738 0.0024173557
0.20043945 0.0024178717
0.20056152 0.0024187525
0.20068359 0.0024195242
0.20080566 0.0024205476
0.20092773 0.0024210761
0.2010498 0.0024217634
0.20117188 0.0024225542
0.20129395 0.0024231406
0.20141602 0.0024241164
0.20153809 0.0024247794
0.20166016 0.0024256569
0.20178223 0.0024263464
0.2019043 0.0024271876
0.20202637 0.0024280411
0.20214844 0.0024287115
0.20227051 0.0024293088
0.20239258 0.0024301285
0.20251465 0.002431277
0.20263672 0.0024319706
0.20275879 0.0024323777
0.20288086 0.0024332651
0.20300293 0.0024342232
0.203125 0.0024346321
0.20324707 0.0024355265
0.20336914 0.0024361185
0.20349121 0.0024372446
0.20361328 0.0024377766
0.20373535 0.0024386555
0.20385742 0.0024395297
0.20397949 0.0024398805
0.20410156 0.0024409437
0.20422363 0.0024419019
0.2043457 0.0024425297
0.20446777 0.0024431578
0.20458984 0.0024439711
0.20471191 0.0024451875
0.20483398 0.0024458584
0.20495605 0.0024463389
0.20507812 0.0024473934
0.2052002 0.0024480514
0.20532227 0.0024489432
0.20544434 0.002449203
0.20556641 0.0024502177
0.20568848 0.0024512229
0.20581055 0.0024519493
0.20593262 0.0024527555
0.20605469 0.0024534662
0.20617676 0.002454431
0.20629883 0.0024550145
0.2064209 0.0024559497
0.20654297 0.0024568071
0.20666504 0.0024577851
0.20678711 0.0024580659
0.20690918 0.0024592385
0.20703125 0.0024601521
0.20715332 0.0024608834
0.20727539 0.0024620052
0.20739746 0.0024625302
0.20751953 0.0024630564
0.2076416 0.0024639442
0.20776367 0.0024648218
0.20788574 0.0024654306
0.20800781 0.0024662522
0.20812988 0.0024672568
0.20825195 0.0024680403
0.20837402 0.0024686662
0.20849609 0.0024700128
0.20861816 0.0024702511
0.20874023 0.0024710971
0.2088623 0.0024721141
0.20898438 0.0024727284
0.20910645 0.0024741054
0.20922852 0.0024744514
0.20935059 0.0024752017
0.20947266 0.0024761424
0.20959473 0.002476969
0.2097168 0.0024779121
0.20983887 0.0024784984
0.20996094 0.0024794785
0.21008301 0.0024805333
0.21020508 0.0024811482
0.21032715 0.0024818557
0.21044922 0.0024827253
0.21057129 0.0024834947
0.21069336 0.0024839457
0.21081543 0.0024851338
0.2109375 0.0024858843
0.21105957 0.0024870839
0.21118164 0.0024875221
0.21130371 0.0024885739
0.21142578 0.0024893342
0.21154785 0.0024905067
0.21166992 0.0024909891
0.21179199 0.0024916568
0.21191406 0.0024929263
0.21203613 0.002493653
0.2121582 0.0024945569
0.21228027 0.0024952602
0.21240234 0.0024963125
0.21252441 0.0024970062
0.21264648 0.0024979524
0.21276855 0.0024986162
0.21289062 0.00249948
0.2130127 0.0025002672
0.21313477 0.0025011769
0.21325684 0.0025019449
0.21337891 0.0025030402
0.21350098 0.0025037783
0.21362305 0.0025043445
0.21374512 0.0025056809
0.21386719 0.0025061961
0.21398926 0.0025068331
0.21411133 0.0025078792
0.2142334 0.0025089237
0.21435547 0.0025097634
0.21447754 0.0025104402
0.21459961 0.0025113589
0.21472168 0.0025124482
0.21484375 0.0025130699
0.21496582 0.0025141361
0.21508789 0.002514713
0.21520996 0.0025156811
0.21533203 0.0025165977
0.2154541 0.0025176844
0.21557617 0.0025183347
0.21569824 0.0025192041
0.21582031 0.0025201593
0.21594238 0.0025212467
0.21606445 0.0025217906
0.21618652 0.0025227281
0.21630859 0.0025235306
0.21643066 0.0025244501
0.21655273 0.0025254886
0.2166748 0.0025263953
0.21679688 0.0025270393
0.21691895 0.0025278579
0.21704102 0.0025288804
0.21716309 0.0025297117
0.21728516 0.0025303178
0.21740723 0.0025314221
0.2175293 0.0025324447
0.21765137 0.0025332233
0.21777344 0.0025344996
0.21789551 0.0025351645
0.21801758 0.0025361764
0.21813965 0.0025371189
0.21826172 0.0025376558
0.21838379 0.0025386409
0.21850586 0.0025396258
0.21862793 0.0025404791
0.21875 0.002541673
0.21887207 0.0025423521
0.21899414 0.0025431622
0.21911621 0.0025438371
0.21923828 0.0025451561
0.21936035 0.0025459218
0.21948242 0.0025470207
0.21960449 0.0025473817
0.21972656 0.0025485765
0.21984863 0.0025496391
0.2199707 0.0025506504
0.22009277 0.0025515821
0.22021484 0.0025520088
0.22033691 0.0025529209
0.22045898 0.0025540042
0.22058105 0.0025548595
0.22070312 0.002556115
0.2208252 0.0025571411
0.22094727 0.0025578418
0.22106934 0.0025584722
0.22119141 0.0025594227
0.22131348 0.0025606078
0.22143555 0.0025614264
0.22155762 0.0025623408
0.22167969 0.0025631413
0.22180176 0.0025641699
0.22192383 0.0025650583
0.2220459 0.0025661578
0.22216797 0.0025670834
0.22229004 0.002567411
0.22241211 0.002568826
0.22253418 0.0025697502
0.22265625 0.0025708223
0.22277832 0.0025716282
0.22290039 0.0025724278
0.22302246 0.0025735867
0.22314453 0.0025744378
0.2232666 0.0025752641
0.22338867 0.0025762083
0.22351074 0.0025771668
0.22363281 0.0025780511
0.22375488 0.0025791311
0.22387695 0.0025799167
0.22399902 0.0025807586
0.22412109 0.0025821952
0.22424316 0.0025827016
0.22436523 0.0025837164
0.2244873 0.0025848726
0.22460938 0.0025856768
0.22473145 0.0025867241
0.22485352 0.0025875065
0.22497559 0.0025887063
0.22509766 0.002589458
0.22521973 0.002590141
0.2253418 0.0025914484
0.22546387 0.0025922896
0.22558594 0.0025932986
0.22570801 0.0025943622
0.22583008 0.0025950957
0.22595215 0.0025962391
0.22607422 0.0025973136
0.22619629 0.0025983364
0.22631836 0.0025989471
0.22644043 0.0026001256
0.2265625 0.002601182
0.22668457 0.0026017992
0.22680664 0.0026027281
0.22692871 0.002603802
0.22705078 0.002604973
0.22717285 0.0026059346
0.22729492 0.0026068639
0.22741699 0.0026079188
0.22753906 0.0026088553
0.22766113 0.0026095824
0.2277832 0.0026108621
0.22790527 0.002611756
0.22802734 0.0026127681
0.22814941 0.0026139198
0.22827148 0.0026150052
0.22839355 0.0026159409
0.22851562 0.002616635
0.2286377 0.0026178784
0.22875977 0.0026187272
0.22888184 0.0026201331
0.22900391 0.0026207344
0.22912598 0.00262173
0.22924805 0.0026228464
0.22937012 0.0026238707
0.22949219 0.0026246473
0.22961426 0.0026255449
0.22973633 0.0026267426
0.2298584 0.0026278652
0.22998047 0.0026284833
0.23010254 0.0026296239
0.23022461 0.0026308294
0.23034668 0.002631712
0.23046875 0.0026326986
0.23059082 0.0026337302
0.23071289 0.0026348179
0.23083496 0.0026357693
0.23095703 0.0026366757
0.2310791 0.0026380004
0.23120117 0.0026385242
0.23132324 0.0026398663
0.23144531 0.0026407438
0.23156738 0.0026420697
0.23168945 0.0026432718
0.23181152 0.0026435951
0.23193359 0.0026450545
0.23205566 0.0026458783
0.23217773 0.0026467164
0.2322998 0.0026481677
0.23242188 0.0026488759
0.23254395 0.0026502079
0.23266602 0.0026511072
0.23278809 0.0026522381
0.23291016 0.0026530916
0.23303223 0.0026542193
0.2331543 0.002655277
0.23327637 0.0026563035
0.23339844 0.0026574895
0.23352051 0.0026584639
0.23364258 0.0026593314
0.23376465 0.0026604775
0.23388672 0.0026614305
0.23400879 0.0026623002
0.23413086 0.0026636456
0.23425293 0.0026645638
0.234375 0.0026656544
0.23449707 0.0026665772
0.23461914 0.0026675428
0.23474121 0.0026688158
0.23486328 0.0026697316
0.23498535 0.0026708061
0.23510742 0.0026721076
0.23522949 0.0026730299
0.23535156 0.0026738788
0.23547363 0.0026753163
0.2355957 0.002676309
0.23571777 0.0026775222
0.23583984 0.0026785626
0.23596191 0.0026795175
0.23608398 0.0026807631
0.23620605 0.0026815895
0.23632812 0.0026824076
0.2364502 0.0026834822
0.23657227 0.0026849487
0.23669434 0.0026858378
0.23681641 0.0026866888
0.23693848 0.0026883387
0.23706055 0.0026890522
0.23718262 0.0026901466
0.23730469 0.0026913312
0.23742676 0.002692189
0.23754883 0.0026935922
0.2376709 0.0026943933
0.23779297 0.002695688
0.23791504 0.0026964923
0.23803711 0.0026975373
0.23815918 0.0026989687
0.23828125 0.0027000123
0.23840332 0.0027009127
0.23852539 0.0027021034
0.23864746 0.0027030873
0.23876953 0.0027045329
0.2388916 0.0027054316
0.23901367 0.0027064893
0.23913574 0.0027079276
0.23925781 0.0027088102
0.23937988 0.0027097074
0.23950195 0.0027109078
0.23962402 0.0027122144
0.23974609 0.0027129226
0.23986816 0.0027141035
0.23999023 0.0027156473
0.2401123 0.0027167639
0.24023438 0.0027177648
0.24035645 0.002718686
0.24047852 0.002719888
0.24060059 0.0027209264
0.24072266 0.0027219836
0.24084473 0.0027234428
0.2409668 0.0027245077
0.24108887 0.0027254403
0.24121094 0.0027267834
0.24133301 0.00272763
0.24145508 0.0027290491
0.24157715 0.0027297158
0.24169922 0.00273132
0.24182129 0.0027321775
0.24194336 0.0027338031
0.24206543 0.0027344298
0.2421875 0.0027355392
0.24230957 0.0027367888
0.24243164 0.002738158
0.24255371 0.0027389361
0.24267578 0.0027401166
0.24279785 0.0027414003
0.24291992 0.0027425647
0.24304199 0.0027436649
0.24316406 0.0027451669
0.24328613 0.002745969
0.2434082 0.002746993
0.24353027 0.0027481456
0.24365234 0.0027493409
0.24377441 0.0027504893
0.24389648 0.0027518692
0.24401855 0.0027525872
0.24414062 0.0027538194
0.2442627 0.002755042
0.24438477 0.002756125
0.24450684 0.0027576614
0.24462891 0.0027590037
0.24475098 0.0027598954
0.24487305 0.0027611875
0.24499512 0.0027625713
0.24511719 0.0027634068
0.24523926 0.0027645748
0.24536133 0.0027654443
0.2454834 0.0027668606
0.24560547 0.0027678121
0.24572754 0.0027694036
0.24584961 0.0027701998
0.24597168 0.0027716107
0.24609375 0.0027728683
0.24621582 0.0027740876
0.24633789 0.0027750246
0.24645996 0.0027765656
0.24658203 0.0027774824
0.2467041 0.0027785672
0.24682617 0.0027798455
0.24694824 0.0027814618
0.24707031 0.0027827016
0.24719238 0.0027837158
0.24731445 0.0027848482
0.24743652 0.00278613
0.24755859 0.0027873496
0.24768066 0.0027885523
0.24780273 0.0027897554
0.2479248 0.0027907564
0.24804688 0.0027921719
0.24816895 0.0027936996
0.24829102 0.0027943934
0.24841309 0.0027958292
0.24853516 0.0027969098
0.24865723 0.002798403
0.2487793 0.0027995667
0.24890137 0.0028003909
0.24902344 0.0028019574
0.24914551 0.002802981
0.24926758 0.0028042362
0.24938965 0.0028053418
0.24951172 0.0028066193
0.24963379 0.0028081422
0.24975586 0.0028091019
0.24987793 0.0028104625
0.25 0.0028116528
0.25012207 0.0028128866
0.25024414 0.0028139104
0.25036621 0.0028154908
0.25048828 0.0028166503
0.25061035 0.0028180317
0.25073242 0.0028192375
0.25085449 0.0028204818
0.25097656 0.0028219138
0.25109863 0.0028229187
0.2512207 0.0028245007
0.25134277 0.0028252775
0.25146484 0.0028267995
0.25158691 0.002828175
0.25170898 0.0028295171
0.25183105 0.0028303535
0.25195312 0.0028318239
0.2520752 0.0028331111
0.25219727 0.0028340313
0.25231934 0.0028356047
0.25244141 0.002836613
0.25256348 0.0028380416
0.25268555 0.0028394026
0.25280762 0.0028404065
0.25292969 0.0028420199
0.25305176 0.0028428925
0.25317383 0.0028443679
0.2532959 0.0028457935
0.25341797 0.0028470245
0.25354004 0.0028482995
0.25366211 0.0028495315
0.25378418 0.0028507922
0.25390625 0.0028522011
0.25402832 0.0028534902
0.25415039 0.0028548622
0.25427246 0.002856391
0.25439453 0.0028573252
0.2545166 0.0028590217
0.25463867 0.0028596383
0.25476074 0.0028611702
0.25488281 0.0028623216
0.25500488 0.0028637554
0.25512695 0.0028649863
0.25524902 0.0028663405
0.25537109 0.0028679083
0.25549316 0.0028693649
0.25561523 0.0028704065
0.2557373 0.0028717744
0.25585938 0.0028731434
0.25598145 0.0028743744
0.25610352 0.0028756553
0.25622559 0.0028771011
0.25634766 0.0028783163
0.25646973 0.0028795905
0.2565918 0.0028814089
0.25671387 0.002882523
0.25683594 0.0028836405
0.25695801 0.0028850642
0.25708008 0.0028862661
0.25720215 0.0028875113
0.25732422 0.0028892696
0.25744629 0.0028904165
0.25756836 0.002891794
0.25769043 0.0028928507
0.2578125 0.0028943028
0.25793457 0.0028954213
0.25805664 0.0028969394
0.25817871 0.0028980578
0.25830078 0.0028994755
0.25842285 0.002901122
0.25854492 0.002902543
0.25866699 0.0029038144
0.25878906 0.0029050965
0.25891113 0.0029062824
0.2590332 0.002907652
0.25915527 0.0029092256
0.25927734 0.0029104173
0.25939941 0.0029119532
0.25952148 0.002913754
0.25964355 0.002914627
0.25976562 0.0029159688
0.2598877 0.002917675
0.26000977 0.002918968
0.26013184 0.0029199717
0.26025391 0.0029216744
0.26037598 0.0029230556
0.26049805 0.0029245829
0.26062012 0.0029257985
0.26074219 0.0029272075
0.26086426 0.0029285974
0.26098633 0.0029298919
0.2611084 0.0029315187
0.26123047 0.0029331243
0.26135254 0.0029341093
0.26147461 0.0029354904
0.26159668 0.0029369979
0.26171875 0.0029384314
0.26184082 0.0029398115
0.26196289 0.0029410561
0.26208496 0.0029426418
0.26220703 0.0029438369
0.2623291 0.002945656
0.26245117 0.0029470224
0.26257324 0.0029483888
0.26269531 0.002949713
0.26281738 0.0029509302
0.26293945 0.0029527472
0.26306152 0.0029541519
0.26318359 0.0029555118
0.26330566 0.0029568387
0.26342773 0.0029583138
0.2635498 0.0029599868
0.26367188 0.0029610406
0.26379395 0.0029629007
0.26391602 0.0029640146
0.26403809 0.0029655088
0.26416016 0.0029667245
0.26428223 0.0029682757
0.2644043 0.002969993
0.26452637 0.0029715567
0.26464844 0.0029724475
0.26477051 0.0029742672
0.26489258 0.0029756494
0.26501465 0.0029769726
0.26513672 0.0029786508
0.26525879 0.0029797833
0.26538086 0.0029816261
0.26550293 0.0029829082
0.265625 0.0029843534
0.26574707 0.0029859766
0.26586914 0.002987418
0.26599121 0.0029887565
0.26611328 0.0029905234
0.26623535 0.0029915677
0.26635742 0.0029933265
0.26647949 0.0029947044
0.26660156 0.0029961342
0.26672363 0.0029972987
0.2668457 0.0029991491
0.26696777 0.003000577
0.26708984 0.0030022164
0.26721191 0.0030038026
0.26733398 0.0030054019
0.26745605 0.0030067484
0.26757812 0.0030081681
0.2677002 0.0030099614
0.26782227 0.0030111722
0.26794434 0.0030128101
0.26806641 0.0030145761
0.26818848 0.003015655
0.26831055 0.0030173989
0.26843262 0.0030189309
0.26855469 0.0030204938
0.26867676 0.0030219774
0.26879883 0.0030233805
0.2689209 0.0030248927
0.26904297 0.0030266048
0.26916504 0.0030279525
0.26928711 0.0030296445
0.26940918 0.0030311184
0.26953125 0.0030324706
0.26965332 0.0030339939
0.26977539 0.0030357093
0.26989746 0.0030373282
0.27001953 0.0030388269
0.2701416 0.003040384
0.27026367 0.003041548
0.27038574 0.0030434774
0.27050781 0.0030451799
0.27062988 0.0030465387
0.27075195 0.0030483094
0.27087402 0.0030498053
0.27099609 0.0030510673
0.27111816 0.0030527901
0.27124023 0.0030544767
0.2713623 0.0030559894
0.27148438 0.0030577174
0.27160645 0.0030591324
0.27172852 0.0030604914
0.27185059 0.0030623234
0.27197266 0.0030637865
0.27209473 0.0030652652
0.2722168 0.0030670107
0.27233887 0.0030685232
0.27246094 0.0030700787
0.27258301 0.0030718707
0.27270508 0.003073508
0.27282715 0.0030750949
0.27294922 0.0030764575
0.27307129 0.0030782855
0.27319336 0.0030797474
0.27331543 0.003081768
0.2734375 0.0030830762
0.27355957 0.0030845508
0.27368164 0.0030861401
0.27380371 0.003088211
0.27392578 0.0030895914
0.27404785 0.0030910675
0.27416992 0.003092992
0.27429199 0.0030943142
0.27441406 0.0030957575
0.27453613 0.0030976901
0.2746582 0.0030992904
0.27478027 0.0031008128
0.27490234 0.0031028841
0.27502441 0.0031040821
0.27514648 0.0031057871
0.27526855 0.0031074892
0.27539062 0.003109069
0.2755127 0.0031108608
0.27563477 0.0031122343
0.27575684 0.0031138725
0.27587891 0.0031154422
0.27600098 0.003117315
0.27612305 0.0031191575
0.27624512 0.003120715
0.27636719 0.0031223178
0.27648926 0.0031237723
0.27661133 0.003125613
0.2767334 0.003127546
0.27685547 0.003128968
0.27697754 0.0031308034
0.27709961 0.003132289
0.27722168 0.0031340178
0.27734375 0.0031359556
0.27746582 0.0031374634
0.27758789 0.0031390551
0.27770996 0.0031408918
0.27783203 0.0031427569
0.2779541 0.0031442853
0.27807617 0.0031454709
0.27819824 0.0031476617
0.27832031 0.0031496711
0.27844238 0.0031514544
0.27856445 0.0031530661
0.27868652 0.0031545154
0.27880859 0.00315629
0.27893066 0.0031580166
0.27905273 0.0031593962
0.2791748 0.0031615398
0.27929688 0.0031630201
0.27941895 0.0031648781
0.27954102 0.0031662367
0.27966309 0.0031686407
0.27978516 0.0031699875
0.27990723 0.0031719422
0.2800293 0.0031736687
0.28015137 0.0031753548
0.28027344 0.0031767745
0.28039551 0.0031790641
0.28051758 0.0031805984
0.28063965 0.0031819277
0.28076172 0.0031838826
0.28088379 0.0031858328
0.28100586 0.0031876383
0.28112793 0.0031897142
0.28125 0.0031909983
0.28137207 0.0031929466
0.28149414 0.0031945709
0.28161621 0.0031966283
0.28173828 0.0031980868
0.28186035 0.0031999295
0.28198242 0.0032020358
0.28210449 0.0032038115
0.28222656 0.0032054952
0.28234863 0.0032070945
0.2824707 0.0032087731
0.28259277 0.0032109673
0.28271484 0.0032126953
0.28283691 0.0032142951
0.28295898 0.0032162226
0.28308105 0.0032179701
0.28320312 0.0032198086
0.2833252 0.0032217825
0.28344727 0.0032235497
0.28356934 0.0032251064
0.28369141 0.0032268053
0.28381348 0.0032289476
0.28393555 0.0032307584
0.28405762 0.0032324379
0.28417969 0.0032342234
0.28430176 0.0032359215
0.28442383 0.0032380554
0.2845459 0.0032401858
0.28466797 0.0032416457
0.28479004 0.0032438923
0.28491211 0.0032454399
0.28503418 0.0032473037
0.28515625 0.0032492514
0.28527832 0.00325097
0.28540039 0.0032528574
0.28552246 0.0032549956
0.28564453 0.0032567648
0.2857666 0.0032583734
0.28588867 0.0032601092
0.28601074 0.0032622932
0.28613281 0.0032640762
0.28625488 0.003266109
0.28637695 0.0032677847
0.28649902 0.0032697175
0.28662109 0.0032718674
0.28674316 0.0032736355
0.28686523 0.0032756948
0.2869873 0.0032773772
0.28710938 0.0032794563
0.28723145 0.0032813605
0.28735352 0.0032829307
0.28747559 0.0032848871
0.28759766 0.0032869255
0.28771973 0.003288589
0.2878418 0.0032908294
0.28796387 0.0032926542
0.28808594 0.0032944274
0.28820801 0.0032966831
0.28833008 0.0032982997
0.28845215 0.0033002532
0.28857422 0.0033022823
0.28869629 0.0033040347
0.28881836 0.0033060607
0.28894043 0.003308514
0.2890625 0.003309944
0.28918457 0.0033119656
0.28930664 0.0033139754
0.28942871 0.0033161876
0.28955078 0.0033178313
0.28967285 0.0033200074
0.28979492 0.0033220466
0.28991699 0.003323806
0.29003906 0.003326086
0.29016113 0.0033276188
0.2902832 0.0033297847
0.29040527 0.0033320331
0.29052734 0.003333574
0.29064941 0.0033356079
0.29077148 0.0033375541
0.29089355 0.0033397444
0.29101562 0.0033418745
0.2911377 0.0033434545
0.29125977 0.0033455944
0.29138184 0.0033481159
0.29150391 0.0033495025
0.29162598 0.0033518468
0.29174805 0.0033537973
0.29187012 0.0033559438
0.29199219 0.003357814
0.29211426 0.0033599049
0.29223633 0.0033619136
0.2923584 0.0033641124
0.29248047 0.0033665447
0.29260254 0.0033681952
0.29272461 0.0033700961
0.29284668 0.0033719455
0.29296875 0.0033742737
0.29309082 0.0033761389
0.29321289 0.0033783231
0.29333496 0.0033803354
0.29345703 0.0033821619
0.2935791 0.0033844369
0.29370117 0.0033865541
0.29382324 0.003388721
0.29394531 0.0033910433
0.29406738 0.0033930435
0.29418945 0.0033948547
0.29431152 0.0033970982
0.29443359 0.0033988666
0.29455566 0.003401343
0.29467773 0.0034030282
0.2947998 0.0034049725
0.29492188 0.0034074556
0.29504395 0.0034098432
0.29516602 0.0034117141
0.29528809 0.0034138229
0.29541016 0.0034155054
0.29553223 0.0034180692
0.2956543 0.0034199121
0.29577637 0.0034224712
0.29589844 0.0034243842
0.29602051 0.0034265393
0.29614258 0.0034284742
0.29626465 0.003430689
0.29638672 0.003433048
0.29650879 0.0034349884
0.29663086 0.003437195
0.29675293 0.0034392622
0.296875 0.0034411401
0.29699707 0.0034438149
0.29711914 0.003446023
0.29724121 0.0034480903
0.29736328 0.0034501848
0.29748535 0.003452416
0.29760742 0.0034547606
0.29772949 0.0034569281
0.29785156 0.0034592607
0.29797363 0.0034608372
0.2980957 0.0034633583
0.29821777 0.0034653456
0.29833984 0.0034677166
0.29846191 0.0034699876
0.29858398 0.0034722326
0.29870605 0.0034743192
0.29882812 0.0034765217
0.2989502 0.0034791561
0.29907227 0.0034812707
0.29919434 0.0034833038
0.29931641 0.0034855701
0.29943848 0.0034880169
0.29956055 0.0034901872
0.29968262 0.0034919943
0.29980469 0.0034945834
0.29992676 0.0034969323
0.30004883 0.0034990389
0.3001709 0.0035012965
0.30029297 0.003503426
0.30041504 0.0035056158
0.30053711 0.0035080618
0.30065918 0.0035102534
0.30078125 0.0035126846
0.30090332 0.0035147497
0.30102539 0.0035172385
0.30114746 0.0035195606
0.30126953 0.0035219649
0.3013916 0.0035241858
0.30151367 0.0035266376
0.30163574 0.0035285369
0.30175781 0.0035309882
0.30187988 0.0035331575
0.30200195 0.0035354085
0.30212402 0.0035381071
0.30224609 0.0035399597
0.30236816 0.003542395
0.30249023 0.0035447295
0.3026123 0.0035467089
0.30273438 0.0035494981
0.30285645 0.0035517775
0.30297852 0.0035539849
0.30310059 0.0035567499
0.30322266 0.0035588739
0.30334473 0.0035612189
0.3034668 0.0035636875
0.30358887 0.00356586
0.30371094 0.0035682257
0.30383301 0.0035704531
0.30395508 0.0035734639
0.30407715 0.0035756963
0.30419922 0.0035778977
0.30432129 0.0035804186
0.30444336 0.0035827124
0.30456543 0.0035850632
0.3046875 0.0035872358
0.30480957 0.0035898623
0.30493164 0.0035918458
0.30505371 0.0035946585
0.30517578 0.0035970673
0.30529785 0.0035998616
0.30541992 0.0036019465
0.30554199 0.0036046511
0.30566406 0.0036068419
0.30578613 0.0036091558
0.3059082 0.0036116373
0.30603027 0.0036141567
0.30615234 0.0036169441
0.30627441 0.0036190783
0.30639648 0.0036217419
0.30651855 0.0036239723
0.30664062 0.0036264647
0.3067627 0.0036291299
0.30688477 0.0036314883
0.30700684 0.0036340467
0.30712891 0.0036363577
0.30725098 0.0036392025
0.30737305 0.0036412788
0.30749512 0.0036438054
0.30761719 0.0036461163
0.30773926 0.0036489084
0.30786133 0.0036515861
0.3079834 0.0036538084
0.30810547 0.0036564718
0.30822754 0.0036590118
0.30834961 0.0036615458
0.30847168 0.0036640385
0.30859375 0.0036665341
0.30871582 0.0036695842
0.30883789 0.0036715407
0.30895996 0.0036743953
0.30908203 0.0036769323
0.3092041 0.0036793691
0.30932617 0.0036820355
0.30944824 0.0036847178
0.30957031 0.0036870297
0.30969238 0.0036898264
0.30981445 0.0036923154
0.30993652 0.0036948336
0.31005859 0.0036975688
0.31018066 0.0037002423
0.31030273 0.0037028534
0.3104248 0.0037052941
0.31054688 0.0037078651
0.31066895 0.0037104607
0.31079102 0.0037131765
0.31091309 0.0037159576
0.31103516 0.0037182607
0.31115723 0.0037209715
0.3112793 0.003723936
0.31140137 0.0037262055
0.31152344 0.0037292474
0.31164551 0.0037316018
0.31176758 0.0037342952
0.31188965 0.0037369695
0.31201172 0.0037397704
0.31213379 0.0037422065
0.31225586 0.0037450523
0.31237793 0.0037479151
0.3125 0.0037507482
0.31262207 0.003753023
0.31274414 0.0037557119
0.31286621 0.0037587702
0.31298828 0.0037610361
0.31311035 0.0037639857
0.31323242 0.0037666221
0.31335449 0.0037694857
0.31347656 0.0037719441
0.31359863 0.0037751292
0.3137207 0.0037775865
0.31384277 0.0037803657
0.31396484 0.0037831247
0.31408691 0.0037858732
0.31420898 0.0037883506
0.31433105 0.0037914748
0.31445312 0.0037942404
0.3145752 0.0037967492
0.31469727 0.0037995521
0.31481934 0.0038026169
0.31494141 0.0038054759
0.31506348 0.0038081242
0.31518555 0.0038111734
0.31530762 0.0038133053
0.31542969 0.0038167251
0.31555176 0.0038193784
0.31567383 0.003822263
0.3157959 0.0038249062
0.31591797 0.0038276046
0.31604004 0.0038303827
0.31616211 0.0038335449
0.31628418 0.0038361751
0.31640625 0.0038390831
0.31652832 0.0038418328
0.31665039 0.0038451144
0.31677246 0.0038475345
0.31689453 0.0038503853
0.3170166 0.0038535558
0.31713867 0.0038565309
0.31726074 0.0038590019
0.31738281 0.0038620442
0.31750488 0.0038648893
0.31762695 0.0038683468
0.31774902 0.0038706899
0.31787109 0.0038737043
0.31799316 0.0038766556
0.31811523 0.003879706
0.3182373 0.0038824456
0.31835938 0.0038856484
0.31848145 0.003888526
0.31860352 0.0038915478
0.31872559 0.0038945963
0.31884766 0.0038971881
0.31896973 0.0039001422
0.3190918 0.0039029343
0.31921387 0.0039060892
0.31933594 0.0039093939
0.31945801 0.0039123174
0.31958008 0.0039151162
0.31970215 0.0039181228
0.31982422 0.0039213756
0.31994629 0.0039241633
0.32006836 0.003927149
0.32019043 0.0039301723
0.3203125 0.0039331791
0.32043457 0.0039362842
0.32055664 0.00393949
0.32067871 0.0039423072
0.32080078 0.0039456789
0.32092285 0.003948665
0.32104492 0.0039516672
0.32116699 0.0039548664
0.32128906 0.0039581003
0.32141113 0.0039606694
0.3215332 0.0039639558
0.32165527 0.0039667895
0.32177734 0.0039700105
0.32189941 0.0039732361
0.32202148 0.0039762022
0.32214355 0.0039794799
0.32226562 0.0039821793
0.3223877 0.0039872317
0.32250977 0.0039890048
0.32263184 0.0039919706
0.32275391 0.0039952084
0.32287598 0.0039983957
0.32299805 0.0040013177
0.32312012 0.0040046822
0.32324219 0.0040078325
0.32336426 0.0040108028
0.32348633 0.0040140238
0.3236084 0.0040171953
0.32373047 0.0040205153
0.32385254 0.004023804
0.32397461 0.0040267675
0.32409668 0.0040301729
0.32421875 0.004033448
0.32434082 0.0040367309
0.32446289 0.0040397383
0.32458496 0.0040431839
0.32470703 0.0040465823
0.3248291 0.0040497627
0.32495117 0.0040531203
0.32507324 0.0040563423
0.32519531 0.0040594901
0.32531738 0.0040628972
0.32543945 0.0040660072
0.32556152 0.0040694603
0.32568359 0.0040727703
0.32580566 0.0040759636
0.32592773 0.00407906
0.3260498 0.0040824056
0.32617188 0.0040858777
0.32629395 0.0040892962
0.32641602 0.004092495
0.32653809 0.0040958996
0.32666016 0.0040991686
0.32678223 0.00410292
0.3269043 0.0041059549
0.32702637 0.0041094297
0.32714844 0.0041127242
0.32727051 0.0041161779
0.32739258 0.0041196098
0.32751465 0.0041227061
0.32763672 0.0041260823
0.32775879 0.0041295698
0.32788086 0.0041330582
0.32800293 0.0041369496
0.328125 0.0041400563
0.32824707 0.004143564
0.32836914 0.0041469754
0.32849121 0.0041503731
0.32861328 0.0041537517
0.32873535 0.0041573216
0.32885742 0.0041609247
0.32897949 0.004164421
0.32910156 0.0041675906
0.32922363 0.0041713331
0.3293457 0.0041745694
0.32946777 0.0041782597
0.32958984 0.0041818303
0.32971191 0.0041855626
0.32983398 0.0041888066
0.32995605 0.0041923974
0.33007812 0.0041961236
0.3302002 0.0041996692
0.33032227 0.0042029359
0.33044434 0.0042067785
0.33056641 0.0042101865
0.33068848 0.0042139776
0.33081055 0.0042174706
0.33093262 0.0042209332
0.33105469 0.004224929
0.33117676 0.0042286137
0.33129883 0.0042320096
0.3314209 0.004235567
0.33154297 0.0042394292
0.33166504 0.0042428906
0.33178711 0.0042466393
0.33190918 0.0042502539
0.33203125 0.0042536821
0.33215332 0.0042578324
0.33227539 0.004261426
0.33239746 0.0042649568
0.33251953 0.0042689038
0.3326416 0.0042723024
0.33276367 0.0042762231
0.33288574 0.0042798672
0.33300781 0.0042833282
0.33312988 0.0042871851
0.33325195 0.0042911381
0.33337402 0.004295184
0.33349609 0.004298603
0.33361816 0.0043021909
0.33374023 0.0043063132
0.3338623 0.0043101062
0.33398438 0.0043139979
0.33410645 0.0043174888
0.33422852 0.0043214118
0.33435059 0.0043256506
0.33447266 0.0043289864
0.33459473 0.004332905
0.3347168 0.0043365479
0.33483887 0.0043405086
0.33496094 0.0043447041
0.33508301 0.0043480427
0.33520508 0.0043522028
0.33532715 0.0043560537
0.33544922 0.0043598964
0.33557129 0.0043639313
0.33569336 0.0043676387
0.33581543 0.00437174
0.3359375 0.0043759039
0.33605957 0.0043795694
0.33618164 0.0043837689
0.33630371 0.004387708
0.33642578 0.0043915774
0.33654785 0.0043954301
0.33666992 0.0043992354
0.33679199 0.0044033678
0.33691406 0.0044080986
0.33703613 0.0044114376
0.3371582 0.0044153587
0.33728027 0.0044195786
0.33740234 0.0044236205
0.33752441 0.0044276303
0.33764648 0.0044318579
0.33776855 0.0044359426
0.33789062 0.0044397551
0.3380127 0.0044439006
0.33813477 0.0044479914
0.33825684 0.0044522046
0.33837891 0.0044561511
0.33850098 0.0044602556
0.33862305 0.0044644093
0.33874512 0.0044685741
0.33886719 0.0044730544
0.33898926 0.0044771014
0.33911133 0.004481132
0.3392334 0.0044853893
0.33935547 0.0044894652
0.33947754 0.004493482
0.33959961 0.004498164
0.33972168 0.0045018502
0.33984375 0.0045064744
0.33996582 0.0045105216
0.34008789 0.0045149492
0.34020996 0.0045189829
0.34033203 0.0045231217
0.3404541 0.0045273082
0.34057617 0.0045318798
0.34069824 0.0045357676
0.34082031 0.0045404624
0.34094238 0.0045449239
0.34106445 0.0045489895
0.34118652 0.0045532678
0.34130859 0.0045575798
0.34143066 0.004561997
0.34155273 0.0045665939
0.3416748 0.0045708095
0.34179688 0.0045753185
0.34191895 0.0045800123
0.34204102 0.0045839994
0.34216309 0.0045883217
0.34228516 0.0045929405
0.34240723 0.004597176
0.3425293 0.0046018566
0.34265137 0.0046060821
0.34277344 0.0046106552
0.34289551 0.0046152376
0.34301758 0.0046197374
0.34313965 0.0046240995
0.34326172 0.0046285061
0.34338379 0.0046332832
0.34350586 0.0046376812
0.34362793 0.0046420027
0.34375 0.0046465907
0.34387207 0.0046511522
0.34399414 0.0046558896
0.34411621 0.0046607349
0.34423828 0.0046649936
0.34436035 0.0046698695
0.34448242 0.0046741984
0.34460449 0.004678994
0.34472656 0.0046832824
0.34484863 0.0046882149
0.3449707 0.0046927889
0.34509277 0.0046976238
0.34521484 0.0047023088
0.34533691 0.0047068972
0.34545898 0.0047114504
0.34558105 0.0047166098
0.34570312 0.004721052
0.3458252 0.0047257038
0.34594727 0.0047306602
0.34606934 0.0047350494
0.34619141 0.0047402187
0.34631348 0.0047448163
0.34643555 0.004749821
0.34655762 0.0047543808
0.34667969 0.0047594311
0.34680176 0.0047639065
0.34692383 0.0047687921
0.3470459 0.0047735482
0.34716797 0.0047785162
0.34729004 0.0047837125
0.34741211 0.0047887177
0.34753418 0.0047934092
0.34765625 0.00479789
0.34777832 0.004803519
0.34790039 0.004808015
0.34802246 0.0048131759
0.34814453 0.0048178719
0.3482666 0.0048231445
0.34838867 0.0048277182
0.34851074 0.0048332333
0.34863281 0.0048383642
0.34875488 0.0048431072
0.34887695 0.0048481051
0.34899902 0.0048529787
0.34912109 0.0048578445
0.34924316 0.0048631056
0.34936523 0.0048683874
0.3494873 0.0048734045
0.34960938 0.0048784025
0.34973145 0.0048836966
0.34985352 0.0048886792
0.34997559 0.0048941397
0.35009766 0.0048988222
0.35021973 0.0049040135
0.3503418 0.0049095118
0.35046387 0.0049146894
0.35058594 0.0049199011
0.35070801 0.004924906
0.35083008 0.0049305653
0.35095215 0.0049356837
0.35107422 0.0049407998
0.35119629 0.0049461572
0.35131836 0.0049515187
0.35144043 0.0049566717
0.3515625 0.0049619647
0.35168457 0.0049674758
0.35180664 0.0049726795
0.35192871 0.0049778675
0.35205078 0.0049833121
0.35217285 0.0049887247
0.35229492 0.0049942397
0.35241699 0.0049997889
0.35253906 0.0050050546
0.35266113 0.0050104138
0.3527832 0.0050159552
0.35290527 0.0050215934
0.35302734 0.0050267767
0.35314941 0.0050325847
0.35327148 0.0050378676
0.35339355 0.0050435236
0.35351562 0.0050493945
0.3536377 0.005054723
0.35375977 0.0050605812
0.35388184 0.0050658591
0.35400391 0.0050715208
0.35412598 0.0050769668
0.35424805 0.0050829147
0.35437012 0.0050882293
0.35449219 0.0050940039
0.35461426 0.0050997497
0.35473633 0.005105449
0.3548584 0.005111052
0.35498047 0.0051170187
0.35510254 0.0051228032
0.35522461 0.0051284925
0.35534668 0.0051341529
0.35546875 0.0051398434
0.35559082 0.0051458356
0.35571289 0.0051515658
0.35583496 0.0051573339
0.35595703 0.0051634051
0.3560791 0.0051691973
0.35620117 0.0051748011
0.35632324 0.0051807925
0.35644531 0.0051866255
0.35656738 0.0051925704
0.35668945 0.0051983302
0.35681152 0.0052047891
0.35693359 0.0052105512
0.35705566 0.0052164264
0.35717773 0.0052225829
0.3572998 0.0052286154
0.35742188 0.005234645
0.35754395 0.0052410139
0.35766602 0.0052468941
0.35778809 0.0052528084
0.35791016 0.0052590143
0.35803223 0.0052651786
0.3581543 0.0052712182
0.35827637 0.0052773154
0.35839844 0.0052834639
0.35852051 0.0052901271
0.35864258 0.0052962016
0.35876465 0.0053025213
0.35888672 0.0053086467
0.35900879 0.0053147086
0.35913086 0.0053210582
0.35925293 0.0053273357
0.359375 0.0053338113
0.35949707 0.0053397716
0.35961914 0.0053467011
0.35974121 0.0053526551
0.35986328 0.0053592548
0.35998535 0.0053652791
0.36010742 0.0053720636
0.36022949 0.0053788046
0.36035156 0.0053850567
0.36047363 0.0053913682
0.3605957 0.0053975374
0.36071777 0.0054044358
0.36083984 0.0054111279
0.36096191 0.0054175213
0.36108398 0.0054238324
0.36120605 0.0054307876
0.36132812 0.0054373864
0.3614502 0.0054438137
0.36157227 0.0054507811
0.36169434 0.0054570416
0.36181641 0.0054640808
0.36193848 0.0054705091
0.36206055 0.0054773472
0.36218262 0.0054841658
0.36230469 0.0054907941
0.36242676 0.0054973493
0.36254883 0.0055042809
0.3626709 0.0055111286
0.36279297 0.0055182234
0.36291504 0.0055249747
0.36303711 0.0055316162
0.36315918 0.0055386601
0.36328125 0.0055459479
0.36340332 0.0055528299
0.36352539 0.0055595679
0.36364746 0.0055665039
0.36376953 0.0055734063
0.3638916 0.0055808572
0.36401367 0.0055877458
0.36413574 0.0055948407
0.36425781 0.0056019606
0.36437988 0.0056092064
0.36450195 0.0056160932
0.36462402 0.0056234495
0.36474609 0.0056305821
0.36486816 0.005637685
0.36499023 0.0056449683
0.3651123 0.0056519507
0.36523438 0.0056591828
0.36535645 0.0056667725
0.36547852 0.0056737223
0.36560059 0.0056813455
0.36572266 0.0056886855
0.36584473 0.0056961465
0.3659668 0.0057038436
0.36608887 0.0057110895
0.36621094 0.0057184583
0.36633301 0.0057259485
0.36645508 0.005733002
0.36657715 0.0057408236
0.36669922 0.0057483345
0.36682129 0.0057557913
0.36694336 0.0057633087
0.36706543 0.0057712531
0.3671875 0.0057790415
0.36730957 0.005786401
0.36743164 0.0057937938
0.36755371 0.0058019594
0.36767578 0.0058095081
0.36779785 0.005817322
0.36791992 0.005824907
0.36804199 0.0058330452
0.36816406 0.0058406933
0.36828613 0.0058485969
0.3684082 0.0058565134
0.36853027 0.0058643803
0.36865234 0.0058723904
0.36877441 0.0058801976
0.36889648 0.0058883491
0.36901855 0.0058960769
0.36914062 0.0059042633
0.3692627 0.0059124374
0.36938477 0.0059207548
0.36950684 0.0059285013
0.36962891 0.0059364582
0.36975098 0.0059447579
0.36987305 0.0059530548
0.36999512 0.0059613161
0.37011719 0.0059693747
0.37023926 0.0059774398
0.37036133 0.0059862507
0.3704834 0.0059942998
0.37060547 0.0060024288
0.37072754 0.006010871
0.37084961 0.0060190978
0.37097168 0.0060278206
0.37109375 0.0060360274
0.37121582 0.0060447491
0.37133789 0.0060531506
0.37145996 0.0060616997
0.37158203 0.0060703527
0.3717041 0.006078821
0.37182617 0.0060874843
0.37194824 0.0060959993
0.37207031 0.0061048258
0.37219238 0.0061136258
0.37231445 0.0061222878
0.37243652 0.0061308398
0.37255859 0.0061399986
0.37268066 0.0061487561
0.37280273 0.0061575752
0.3729248 0.0061665918
0.37304688 0.0061753374
0.37316895 0.0061844946
0.37329102 0.0061931991
0.37341309 0.0062026146
0.37353516 0.0062112909
0.37365723 0.0062204449
0.3737793 0.0062300024
0.37390137 0.0062387771
0.37402344 0.0062479849
0.37414551 0.0062569205
0.37426758 0.0062664465
0.37438965 0.0062755551
0.37451172 0.006284904
0.37463379 0.0062942502
0.37475586 0.0063035629
0.37487793 0.0063131427
0.375 0.0063221896
0.37512207 0.0063319847
0.37524414 0.0063414981
0.37536621 0.0063511567
0.37548828 0.0063603632
0.37561035 0.006370104
0.37573242 0.0063796107
0.37585449 0.0063895172
0.37597656 0.0063990054
0.37609863 0.0064088101
0.3762207 0.0064185014
0.37634277 0.0064281358
0.37646484 0.0064383055
0.37658691 0.0064479017
0.37670898 0.0064577247
0.37683105 0.0064676354
0.37695312 0.0064775316
0.3770752 0.0064880612
0.37719727 0.0064979479
0.37731934 0.0065078971
0.37744141 0.0065179227
0.37756348 0.0065278937
0.37768555 0.0065385955
0.37780762 0.0065485031
0.37792969 0.0065590366
0.37805176 0.0065691482
0.37817383 0.006579408
0.3782959 0.0065901453
0.37841797 0.0066001821
0.37854004 0.0066108866
0.37866211 0.0066211941
0.37878418 0.0066318074
0.37890625 0.0066423872
0.37902832 0.0066531493
0.37915039 0.0066638371
0.37927246 0.0066742097
0.37939453 0.006685433
0.3795166 0.0066955519
0.37963867 0.0067069386
0.37976074 0.0067177331
0.37988281 0.0067287086
0.38000488 0.0067395634
0.38012695 0.0067506205
0.38024902 0.0067616428
0.38037109 0.0067722751
0.38049316 0.0067836683
0.38061523 0.0067949843
0.3807373 0.0068057617
0.38085938 0.0068173221
0.38098145 0.0068285105
0.38110352 0.0068397026
0.38122559 0.0068509817
0.38134766 0.0068624231
0.38146973 0.0068737834
0.3815918 0.0068853325
0.38171387 0.0068972108
0.38183594 0.0069087765
0.38195801 0.0069203518
0.38208008 0.0069319904
0.38220215 0.0069435455
0.38232422 0.0069552276
0.38244629 0.0069670416
0.38256836 0.0069791404
0.38269043 0.0069909407
0.3828125 0.0070029917
0.38293457 0.0070151079
0.38305664 0.0070269906
0.38317871 0.0070391343
0.38330078 0.0070511113
0.38342285 0.0070636647
0.38354492 0.0070757858
0.38366699 0.0070880663
0.38378906 0.0071005789
0.38391113 0.0071127192
0.3840332 0.0071253448
0.38415527 0.0071378762
0.38427734 0.0071502177
0.38439941 0.0071627501
0.38452148 0.007175679
0.38464355 0.0071885493
0.38476562 0.0072013309
0.3848877 0.0072139389
0.38500977 0.007226729
0.38513184 0.0072398663
0.38525391 0.0072526747
0.38537598 0.0072656074
0.38549805 0.0072789532
0.38562012 0.0072921328
0.38574219 0.0073050803
0.38586426 0.0073183756
0.38598633 0.0073316234
0.3861084 0.0073449412
0.38623047 0.0073582233
0.38635254 0.0073720627
0.38647461 0.0073854377
0.38659668 0.0073989652
0.38671875 0.0074126245
0.38684082 0.0074267062
0.38696289 0.0074401522
0.38708496 0.0074539643
0.38720703 0.0074678802
0.3873291 0.0074818625
0.38745117 0.0074957581
0.38757324 0.0075100884
0.38769531 0.0075239877
0.38781738 0.0075381053
0.38793945 0.0075526074
0.38806152 0.0075669352
0.38818359 0.0075811062
0.38830566 0.0075954358
0.38842773 0.0076098431
0.3885498 0.0076248322
0.38867188 0.007639409
0.38879395 0.0076538947
0.38891602 0.0076689598
0.38903809 0.007683947
0.38916016 0.0076984653
0.38928223 0.0077136678
0.3894043 0.0077286175
0.38952637 0.0077435431
0.38964844 0.0077587867
0.38977051 0.0077738181
0.38989258 0.0077895015
0.39001465 0.0078046403
0.39013672 0.0078204396
0.39025879 0.0078355151
0.39038086 0.0078513074
0.39050293 0.0078670773
0.390625 0.0078827002
0.39074707 0.0078986181
0.39086914 0.0079145905
0.39099121 0.0079303545
0.39111328 0.0079465679
0.39123535 0.0079625589
0.39135742 0.0079787155
0.39147949 0.0079950294
0.39160156 0.0080113488
0.39172363 0.0080277329
0.3918457 0.0080445519
0.39196777 0.0080605772
0.39208984 0.0080773871
0.39221191 0.0080940109
0.39233398 0.008110989
0.39245605 0.0081279613
0.39257812 0.0081446347
0.3927002 0.0081617856
0.39282227 0.008179038
0.39294434 0.0081961098
0.39306641 0.0082136715
0.39318848 0.0082308851
0.39331055 0.0082484452
0.39343262 0.0082662844
0.39355469 0.0082836315
0.39367676 0.0083015178
0.39379883 0.0083189586
0.3939209 0.0083370052
0.39404297 0.0083552807
0.39416504 0.0083730986
0.39428711 0.0083912158
0.39440918 0.0084095667
0.39453125 0.0084281237
0.39465332 0.0084467691
0.39477539 0.0084648914
0.39489746 0.0084837363
0.39501953 0.0085022309
0.3951416 0.0085212389
0.39526367 0.0085403469
0.39538574 0.0085590534
0.39550781 0.0085782085
0.39562988 0.0085973533
0.39575195 0.0086171213
0.39587402 0.0086365791
0.39599609 0.0086558086
0.39611816 0.0086756931
0.39624023 0.0086950408
0.3963623 0.0087153368
0.39648438 0.0087349579
0.39660645 0.0087547883
0.39672852 0.0087750873
0.39685059 0.0087954091
0.39697266 0.0088159104
0.39709473 0.0088361574
0.3972168 0.0088571683
0.39733887 0.0088777244
0.39746094 0.0088984144
0.39758301 0.0089192808
0.39770508 0.0089404316
0.39782715 0.0089616835
0.39794922 0.0089828644
0.39807129 0.0090042962
0.39819336 0.0090255695
0.39831543 0.0090473768
0.3984375 0.0090692696
0.39855957 0.009091217
0.39868164 0.0091131999
0.39880371 0.0091350729
0.39892578 0.0091572434
0.39904785 0.0091799315
0.39916992 0.009202131
0.39929199 0.0092245445
0.39941406 0.0092471867
0.39953613 0.0092703673
0.3996582 0.0092934379
0.39978027 0.0093160835
0.39990234 0.0093398859
0.40002441 0.0093629535
0.40014648 0.0093861937
0.40026855 0.0094101209
0.40039062 0.009433884
0.4005127 0.0094577713
0.40063477 0.0094820573
0.40075684 0.0095060211
0.40087891 0.0095303146
0.40100098 0.0095550627
0.40112305 0.0095795629
0.40124512 0.0096046902
0.40136719 0.0096292858
0.40148926 0.0096542716
0.40161133 0.0096798335
0.4017334 0.0097050082
0.40185547 0.0097310426
0.40197754 0.0097564667
0.40209961 0.0097820918
0.40222168 0.0098081949
0.40234375 0.009834663
0.40246582 0.0098607298
0.40258789 0.0098872807
0.40270996 0.0099137186
0.40283203 0.0099408377
0.4029541 0.0099677575
0.40307617 0.0099950895
0.40319824 0.010022187
0.40332031 0.010049791
0.40344238 0.01007743
0.40356445 0.010105115
0.40368652 0.010132975
0.40380859 0.010161414
0.40393066 0.010189979
0.40405273 0.010218519
0.4041748 0.010247494
0.40429688 0.010275913
0.40441895 0.010305384
0.40454102 0.010334394
0.40466309 0.010363842
0.40478516 0.010393628
0.40490723 0.010423786
0.4050293 0.010453947
0.40515137 0.010483964
0.40527344 0.010514376
0.40539551 0.010545261
0.40551758 0.010576208
0.40563965 0.010607064
0.40576172 0.010638588
0.40588379 0.010670259
0.40600586 0.01070168
0.40612793 0.010733812
0.40625 0.010765728
0.40637207 0.01079822
0.40649414 0.010831216
0.40661621 0.010863741
0.40673828 0.010896732
0.40686035 0.010930132
0.40698242 0.010963618
0.40710449 0.010997646
0.40722656 0.011031638
0.40734863 0.011065644
0.4074707 0.011100227
0.40759277 0.011135122
0.40771484 0.011169697
0.40783691 0.011204892
0.40795898 0.011240679
0.40808105 0.011276257
0.40820312 0.011312204
0.4083252 0.011348605
0.40844727 0.011385129
0.40856934 0.011421627
0.40869141 0.011459006
0.40881348 0.011496473
0.40893555 0.01153425
0.40905762 0.011571819
0.40917969 0.011609774
0.40930176 0.011648303
0.40942383 0.011687299
0.4095459 0.01172658
0.40966797 0.011765712
0.40979004 0.011805586
0.40991211 0.01184564
0.41003418 0.011885604
0.41015625 0.011926415
0.41027832 0.011967141
0.41040039 0.012008037
0.41052246 0.012049668
0.41064453 0.012091457
0.4107666 0.012134034
0.41088867 0.012176341
0.41101074 0.012219205
0.41113281 0.012262605
0.41125488 0.012306007
0.41137695 0.012349894
0.41149902 0.01239416
0.41162109 0.012438856
0.41174316 0.012483392
0.41186523 0.012528876
0.4119873 0.012574537
0.41210938 0.012620703
0.41223145 0.012667568
0.41235352 0.012713847
0.41247559 0.012761226
0.41259766 0.012808804
0.41271973 0.012856683
0.4128418 0.012905059
0.41296387 0.01295416
0.41308594 0.013003304
0.41320801 0.013053046
0.41333008 0.013103047
0.41345215 0.013153491
0.41357422 0.013204326
0.41369629 0.013255857
0.41381836 0.01330715
0.41394043 0.013359254
0.4140625 0.013412197
0.41418457 0.013464803
0.41430664 0.013517953
0.41442871 0.013571353
0.41455078 0.013624941
0.41467285 0.013678267
0.41479492 0.013730253
0.41491699 0.013778416
0.41503906 0.013800297
0.41516113 0.01400239
0.4152832 0.01399695
0.41540527 0.014045289
0.41552734 0.014100191
0.41564941 0.014157293
0.41577148 0.0142163
0.41589355 0.014275806
0.41601562 0.01433669
0.4161377 0.014397587
0.41625977 0.014459874
0.41638184 0.014522855
0.41650391 0.014586621
0.41662598 0.014650596
0.41674805 0.014715298
0.41687012 0.014781019
0.41699219 0.014847085
0.41711426 0.014913945
0.41723633 0.014981471
0.4173584 0.015049904
0.41748047 0.015119125
0.41760254 0.015188735
0.41772461 0.015259005
0.41784668 0.015330652
0.41796875 0.015402436
0.41809082 0.01547504
0.41821289 0.015548554
0.41833496 0.015623026
0.41845703 0.015697609
0.4185791 0.015774013
0.41870117 0.015850701
0.41882324 0.015928378
0.41894531 0.016006806
0.41906738 0.016085949
0.41918945 0.016166032
0.41931152 0.016247439
0.41943359 0.016329308
0.41955566 0.016412318
0.41967773 0.016496354
0.4197998 0.016580896
0.41992188 0.016666984
0.42004395 0.016753432
0.42016602 0.016841503
0.42028809 0.016929952
0.42041016 0.017020286
0.42053223 0.017111006
0.4206543 0.017203463
0.42077637 0.017296416
0.42089844 0.017390748
0.42102051 0.017485908
0.42114258 0.017582681
0.42126465 0.017680208
0.42138672 0.017779494
0.42150879 0.017879507
0.42163086 0.017981198
0.42175293 0.018083983
0.421875 0.018188321
0.42199707 0.018293652
0.42211914 0.018400371
0.42224121 0.018508797
0.42236328 0.018618095
0.42248535 0.018728983
0.42260742 0.018841424
0.42272949 0.018955566
0.42285156 0.019070954
0.42297363 0.019188146
0.4230957 0.019306571
0.42321777 0.019426939
0.42333984 0.019549018
0.42346191 0.019672953
0.42358398 0.019798258
0.42370605 0.019925416
0.42382812 0.020054139
0.4239502 0.020185067
0.42407227 0.020317624
0.42419434 0.020452219
0.42431641 0.020589188
0.42443848 0.020727797
0.42456055 0.020868451
0.42468262 0.0210106
0.42480469 0.021156113
0.42492676 0.021303115
0.42504883 0.021452536
0.4251709 0.021604173
0.42529297 0.021758431
0.42541504 0.021914697
0.42553711 0.022073995
0.42565918 0.022235308
0.42578125 0.022399622
0.42590332 0.022566295
0.42602539 0.022735642
0.42614746 0.022908311
0.42626953 0.023083145
0.4263916 0.023261173
0.42651367 0.02344262
0.42663574 0.023626878
0.42675781 0.023814399
0.42687988 0.02400496
0.42700195 0.024198999
0.42712402 0.024396326
0.42724609 0.024597555
0.42736816 0.024802157
0.42749023 0.02501024
0.4276123 0.025222661
0.42773438 0.025438519
0.42785645 0.025658865
0.42797852 0.025882794
0.42810059 0.026111432
0.42822266 0.026344758
0.42834473 0.026581782
0.4284668 0.026824479
0.42858887 0.02707118
0.42871094 0.027323238
0.42883301 0.027580158
0.42895508 0.027842528
0.42907715 0.028110243
0.42919922 0.028383584
0.42932129 0.028662695
0.42944336 0.028947722
0.42956543 0.02923889
0.4296875 0.02953717
0.42980957 0.02984093
0.42993164 0.030151898
0.43005371 0.030469596
0.43017578 0.030795154
0.43029785 0.031128093
0.43041992 0.031468396
0.43054199 0.031817518
0.43066406 0.0321741
0.43078613 0.032539972
0.4309082 0.032914734
0.43103027 0.033298793
0.43115234 0.0336927
0.43127441 0.034096082
0.43139648 0.034510398
0.43151855 0.034935251
0.43164062 0.035371586
0.4317627 0.035819735
0.43188477 0.03627994
0.43200684 0.036753154
0.43212891 0.037239495
0.43225098 0.037739322
0.43237305 0.03825375
0.43249512 0.038783441
0.43261719 0.039328829
0.43273926 0.039891102
0.43286133 0.040469869
0.4329834 0.041067146
0.43310547 0.041683265
0.43322754 0.042319259
0.43334961 0.042975811
0.43347168 0.043654125
0.43359375 0.044355447
0.43371582 0.045080961
0.43383789 0.045832044
0.43395996 0.046609568
0.43408203 0.047415845
0.4342041 0.048251498
0.43432617 0.049118504
0.43444824 0.050018726
0.43457031 0.050954309
0.43469238 0.05192762
0.43481445 0.05294019
0.43493652 0.053995121
0.43505859 0.055094538
0.43518066 0.056242011
0.43530273 0.057440386
0.4354248 0.058692914
0.43554688 0.060003629
0.43566895 0.061376525
0.43579102 0.062816734
0.43591309 0.064329325
0.43603516 0.065918533
0.43615723 0.067591397
0.4362793 0.069354668
0.43640137 0.071216259
0.43652344 0.073183512
0.43664551 0.075266561
0.43676758 0.077476395
0.43688965 0.079823703
0.43701172 0.082322527
0.43713379 0.084987459
0.43725586 0.087836679
0.43737793 0.090888676
0.4375 0.094167271
0.43762207 0.097697806
0.43774414 0.10151114
0.43786621 0.10564224
0.43798828 0.11013159
0.43811035 0.11502983
0.43823242 0.12039514
0.43835449 0.12629609
0.43847656 0.13281908
0.43859863 0.14006708
0.4387207 0.1481679
0.43884277 0.15728159
0.43896484 0.16761154
0.43908691 0.17941839
0.43920898 0.19304254
0.43933105 0.20893991
0.43945312 0.22773044
0.4395752 0.25028325
0.43969727 0.27785439
0.43981934 0.31232905
0.43994141 0.35667042
0.44006348 0.4158229
0.44018555 0.49869577
0.44030762 0.62313581
0.44042969 0.83088584
0.44055176 1.2477098
0.44067383 2.5088848
0.4407959 195.12901
0.44091797 2.4410411
0.44104004 1.2269476
0.44116211 0.81884075
0.44128418 0.61414164
0.44140625 0.49111428
0.44152832 0.40900857
0.44165039 0.35031809
0.44177246 0.30627711
0.44189453 0.27200808
0.4420166 0.2445838
0.44213867 0.22213999
0.44226074 0.20343225
0.44238281 0.18759942
0.44250488 0.17402582
0.44262695 0.16226058
0.44274902 0.15196427
0.44287109 0.14287805
0.44299316 0.13480051
0.44311523 0.12757242
0.4432373 0.1210664
0.44335938 0.11517975
0.44348145 0.10982687
0.44360352 0.10493953
0.44372559 0.10045904
0.44384766 0.096336581
0.44396973 0.092530943
0.4440918 0.089006839
0.44421387 0.085734219
0.44433594 0.082686801
0.44445801 0.079842453
0.44458008 0.077181211
0.44470215 0.074686436
0.44482422 0.072342482
0.44494629 0.070135964
0.44506836 0.068055416
0.44519043 0.066090265
0.4453125 0.064231209
0.44543457 0.062469423
0.44555664 0.060798936
0.44567871 0.059211173
0.44580078 0.057700119
0.44592285 0.056261344
0.44604492 0.054889869
0.44616699 0.053580122
0.44628906 0.052328385
0.44641113 0.051130996
0.4465332 0.049984602
0.44665527 0.048885517
0.44677734 0.047831637
0.44689941 0.046819412
0.44702148 0.045846829
0.44714355 0.044911413
0.44726562 0.044011643
0.4473877 0.043144635
0.44750977 0.042309421
0.44763184 0.041503386
0.44775391 0.040725782
0.44787598 0.039975111
0.44799805 0.039249755
0.44812012 0.038548515
0.44824219 0.037869673
0.44836426 0.037213172
0.44848633 0.036577275
0.4486084 0.035961099
0.44873047 0.03536374
0.44885254 0.03478425
0.44897461 0.034222197
0.44909668 0.033676504
0.44921875 0.033146906
0.44934082 0.032631887
0.44946289 0.032131565
0.44958496 0.031644942
0.44970703 0.031171233
0.4498291 0.03071069
0.44995117 0.030262066
0.45007324 0.02982544
0.45019531 0.029399979
0.45031738 0.0289851
0.45043945 0.02858118
0.45056152 0.02818675
0.45068359 0.027802412
0.45080566 0.027427281
0.45092773 0.027060802
0.4510498 0.026703129
0.45117188 0.026353831
0.45129395 0.02601289
0.45141602 0.025679246
0.45153809 0.025353216
0.45166016 0.0250346
0.45178223 0.024722832
0.4519043 0.024418003
0.45202637 0.024119883
0.45214844 0.023827735
0.45227051 0.023541885
0.45239258 0.023261908
0.45251465 0.022987773
0.45263672 0.022719183
0.45275879 0.022456079
0.45288086 0.022198564
0.45300293 0.021945474
0.453125 0.021697621
0.45324707 0.021454151
0.45336914 0.021216178
0.45349121 0.020982461
0.45361328 0.020752695
0.45373535 0.020527553
0.45385742 0.02030686
0.45397949 0.020089392
0.45410156 0.0198765
0.45422363 0.019667039
0.4543457 0.019461425
0.45446777 0.019259601
0.45458984 0.019060878
0.45471191 0.018866119
0.45483398 0.018674277
0.45495605 0.018485474
0.45507812 0.018300541
0.4552002 0.018118248
0.45532227 0.017938902
0.45544434 0.017762759
0.45556641 0.017589272
0.45568848 0.017418727
0.45581055 0.017250872
0.45593262 0.017085481
0.45605469 0.016922982
0.45617676 0.016762701
0.45629883 0.016604866
0.4564209 0.016449855
0.45654297 0.016296354
0.45666504 0.016146228
0.45678711 0.01599799
0.45690918 0.015851576
0.45703125 0.015707636
0.45715332 0.015565663
0.45727539 0.015425908
0.45739746 0.015287873
0.45751953 0.015152086
0.4576416 0.015018001
0.45776367 0.014885623
0.45788574 0.014755309
0.45800781 0.014627017
0.45812988 0.014500108
0.45825195 0.014374955
0.45837402 0.014252056
0.45849609 0.014130168
0.45861816 0.014010144
0.45874023 0.013891497
0.4588623 0.013774729
0.45898438 0.013658962
0.45910645 0.01354551
0.45922852 0.013432753
0.45935059 0.013321784
0.45947266 0.013212009
0.45959473 0.013104038
0.4597168 0.012996873
0.45983887 0.012891174
0.45996094 0.012787245
0.46008301 0.01268389
0.46020508 0.01258213
0.46032715 0.012481551
0.46044922 0.012382292
0.46057129 0.012283959
0.46069336 0.012187143
0.46081543 0.012091454
0.4609375 0.011996569
0.46105957 0.011902684
0.46118164 0.011809886
0.46130371 0.011718727
0.46142578 0.011627969
0.46154785 0.011538344
0.46166992 0.011450293
0.46179199 0.011362356
0.46191406 0.011275911
0.46203613 0.011190037
0.4621582 0.011105665
0.46228027 0.011021753
0.46240234 0.010938752
0.46252441 0.010856832
0.46264648 0.010775875
0.46276855 0.010695932
0.46289062 0.010616316
0.4630127 0.010537402
0.46313477 0.010460095
0.46325684 0.010382705
0.46337891 0.010306659
0.46350098 0.01023146
0.46362305 0.010156885
0.46374512 0.01008277
0.46386719 0.010009843
0.46398926 0.0099374338
0.46411133 0.0098657153
0.4642334 0.009794643
0.46435547 0.0097242221
0.46447754 0.009654454
0.46459961 0.0095855862
0.46472168 0.009517203
0.46484375 0.0094494903
0.46496582 0.0093825532
0.46508789 0.0093160597
0.46520996 0.0092502575
0.46533203 0.0091851452
0.4654541 0.0091204389
0.46557617 0.0090564077
0.46569824 0.0089933159
0.46582031 0.0089303203
0.46594238 0.0088681187
0.46606445 0.0088067936
0.46618652 0.0087455748
0.46630859 0.0086849764
0.46643066 0.0086248289
0.46655273 0.008565447
0.4666748 0.0085059006
0.46679688 0.0084476995
0.46691895 0.0083894851
0.46704102 0.0083322619
0.46716309 0.0082753922
0.46728516 0.0082185157
0.46740723 0.0081626938
0.4675293 0.0081069878
0.46765137 0.0080520964
0.46777344 0.0079972542
0.46789551 0.0079426815
0.46801758 0.0078892237
0.46813965 0.0078359563
0.46826172 0.0077830612
0.46838379 0.007730268
0.46850586 0.0076782907
0.46862793 0.0076265388
0.46875 0.0075756683
0.46887207 0.0075246436
0.46899414 0.0074742619
0.46911621 0.0074243068
0.46923828 0.0073748423
0.46936035 0.0073251106
0.46948242 0.0072764508
0.46960449 0.0072277473
0.46972656 0.0071795689
0.46984863 0.0071322552
0.4699707 0.0070847184
0.47009277 0.0070373065
0.47021484 0.0069908053
0.47033691 0.0069444062
0.47045898 0.006898459
0.47058105 0.0068528532
0.47070312 0.0068071301
0.4708252 0.0067620449
0.47094727 0.006717601
0.47106934 0.0066733227
0.47119141 0.0066288112
0.47131348 0.0065850786
0.47143555 0.0065420997
0.47155762 0.0064987084
0.47167969 0.0064560157
0.47180176 0.0064131926
0.47192383 0.0063712567
0.4720459 0.0063290543
0.47216797 0.0062872985
0.47229004 0.0062462258
0.47241211 0.0062046965
0.47253418 0.0061640751
0.47265625 0.0061231766
0.47277832 0.0060830346
0.47290039 0.0060431588
0.47302246 0.0060033268
0.47314453 0.0059637322
0.4732666 0.0059245787
0.47338867 0.0058858997
0.47351074 0.0058467074
0.47363281 0.005808439
0.47375488 0.0057700303
0.47387695 0.0057323331
0.47399902 0.0056945873
0.47412109 0.005656846
0.47424316 0.0056196067
0.47436523 0.0055826281
0.4744873 0.005545525
0.47460938 0.0055091337
0.47473145 0.0054726019
0.47485352 0.0054363385
0.47497559 0.0054007852
0.47509766 0.0053649896
0.47521973 0.0053293206
0.4753418 0.0052941274
0.47546387 0.0052592158
0.47558594 0.0052241943
0.47570801 0.005189839
0.47583008 0.0051551226
0.47595215 0.0051206263
0.47607422 0.005086718
0.47619629 0.0050529044
0.47631836 0.0050192669
0.47644043 0.0049858552
0.4765625 0.004952643
0.47668457 0.0049193972
0.47680664 0.004886616
0.47692871 0.004854402
0.47705078 0.0048214824
0.47717285 0.0047891998
0.47729492 0.0047573939
0.47741699 0.0047245837
0.47753906 0.0046933724
0.47766113 0.0046613602
0.4777832 0.0046298873
0.47790527 0.0045989617
0.47802734 0.0045674863
0.47814941 0.004536657
0.47827148 0.0045060438
0.47839355 0.0044755641
0.47851562 0.0044451348
0.4786377 0.0044142632
0.47875977 0.0043848587
0.47888184 0.0043547219
0.47900391 0.0043244699
0.47912598 0.0042950199
0.47924805 0.0042652947
0.47937012 0.0042363477
0.47949219 0.0042072415
0.47961426 0.0041779248
0.47973633 0.0041490516
0.4798584 0.0041204179
0.47998047 0.0040915029
0.48010254 0.0040632565
0.48022461 0.0040351138
0.48034668 0.0040066853
0.48046875 0.0039788058
0.48059082 0.0039508604
0.48071289 0.0039230223
0.48083496 0.0038955401
0.48095703 0.003868078
0.4810791 0.0038408943
0.48120117 0.0038137057
0.48132324 0.0037864325
0.48144531 0.0037596126
0.48156738 0.0037324894
0.48168945 0.0037058292
0.48181152 0.0036794287
0.48193359 0.0036533171
0.48205566 0.0036266202
0.48217773 0.0036008503
0.4822998 0.0035745606
0.48242188 0.0035487452
0.48254395 0.0035226897
0.48266602 0.0034971068
0.48278809 0.0034714886
0.48291016 0.0034461925
0.48303223 0.0034208794
0.4831543 0.0033956957
0.48327637 0.0033706767
0.48339844 0.0033456706
0.48352051 0.003321312
0.48364258 0.0032963046
0.48376465 0.0032719114
0.48388672 0.0032470817
0.48400879 0.0032226132
0.48413086 0.003198316
0.48425293 0.0031746344
0.484375 0.0031503538
0.48449707 0.0031267151
0.48461914 0.0031029424
0.48474121 0.0030793916
0.48486328 0.0030554997
0.48498535 0.0030321096
0.48510742 0.0030085814
0.48522949 0.0029855985
0.48535156 0.0029623547
0.48547363 0.0029395303
0.4855957 0.0029169476
0.48571777 0.00289384
0.48583984 0.0028710091
0.48596191 0.0028485994
0.48608398 0.0028260232
0.48620605 0.0028034554
0.48632812 0.0027813035
0.4864502 0.002759371
0.48657227 0.0027370509
0.48669434 0.002715675
0.48681641 0.0026934151
0.48693848 0.0026716837
0.48706055 0.0026501328
0.48718262 0.0026288078
0.48730469 0.0026074566
0.48742676 0.002586056
0.48754883 0.0025652055
0.4876709 0.0025438385
0.48779297 0.0025228503
0.48791504 0.0025022826
0.48803711 0.0024810022
0.48815918 0.0024606941
0.48828125 0.0024402233
0.48840332 0.002419669
0.48852539 0.0023992925
0.48864746 0.0023792597
0.48876953 0.0023592428
0.4888916 0.0023394654
0.48901367 0.002319791
0.48913574 0.0022997148
0.48925781 0.002279936
0.48937988 0.0022604779
0.48950195 0.0022411797
0.48962402 0.0022213838
0.48974609 0.0022029833
0.48986816 0.0021837251
0.48999023 0.0021647119
0.4901123 0.0021458527
0.49023438 0.0021272691
0.49035645 0.0021086656
0.49047852 0.0020902939
0.49060059 0.0020717005
0.49072266 0.0020534828
0.49084473 0.0020353538
0.4909668 0.002017469
0.49108887 0.0020000251
0.49121094 0.0019822021
0.49133301 0.0019649206
0.49145508 0.0019472072
0.49157715 0.0019301266
0.49169922 0.0019130332
0.49182129 0.0018959752
0.49194336 0.0018790322
0.49206543 0.0018624452
0.4921875 0.0018457333
0.49230957 0.0018292039
0.49243164 0.0018127854
0.49255371 0.0017967443
0.49267578 0.001780798
0.49279785 0.0017649406
0.49291992 0.0017489079
0.49304199 0.0017335214
0.49316406 0.0017184379
0.49328613 0.0017029575
0.4934082 0.0016881415
0.49353027 0.0016732048
0.49365234 0.0016588511
0.49377441 0.0016440196
0.49389648 0.0016299004
0.49401855 0.0016159178
0.49414062 0.0016016969
0.4942627 0.0015880973
0.49438477 0.0015745278
0.49450684 0.0015611439
0.49462891 0.0015480267
0.49475098 0.0015349576
0.49487305 0.0015225696
0.49499512 0.0015097643
0.49511719 0.0014977495
0.49523926 0.0014852798
0.49536133 0.0014737598
0.4954834 0.0014618294
0.49560547 0.0014508431
0.49572754 0.0014395323
0.49584961 0.0014284471
0.49597168 0.0014182203
0.49609375 0.0014076949
0.49621582 0.0013974826
0.49633789 0.0013876305
0.49645996 0.0013780207
0.49658203 0.0013685506
0.4967041 0.0013592127
0.49682617 0.001350623
0.49694824 0.0013423536
0.49707031 0.0013340615
0.49719238 0.0013258159
0.49731445 0.001318632
0.49743652 0.0013111971
0.49755859 0.0013038534
0.49768066 0.0012976367
0.49780273 0.0012909888
0.4979248 0.0012847597
0.49804688 0.0012791035
0.49816895 0.0012738479
0.49829102 0.0012685683
0.49841309 0.0012639301
0.49853516 0.0012595354
0.49865723 0.0012555204
0.4987793 0.0012516376
0.49890137 0.0012484272
0.49902344 0.0012452335
0.49914551 0.0012427171
0.49926758 0.0012402154
0.49938965 0.0012386046
0.49951172 0.0012367902
0.49963379 0.0012354951
0.49975586 0.0012346989
0.49987793 0.001234313

